temp,casual,registered,cnt
0.24,3,13,16
0.22,8,32,40
0.22,5,27,32
0.24,3,10,13
0.24,0,1,1
0.24,0,1,1
0.22,2,0,2
0.2,1,2,3
0.24,1,7,8
0.32,8,6,14
0.38,12,24,36
0.36,26,30,56
0.42,29,55,84
0.46,47,47,94
0.46,35,71,106
0.44,40,70,110
0.42,41,52,93
0.44,15,52,67
0.42,9,26,35
0.42,6,31,37
0.4,11,25,36
0.4,3,31,34
0.4,11,17,28
0.46,15,24,39
0.46,4,13,17
0.44,1,16,17
0.42,1,8,9
0.46,2,4,6
0.46,2,1,3
0.42,0,2,2
0.4,0,1,1
0.4,0,8,8
0.38,1,19,20
0.36,7,46,53
0.36,16,54,70
0.36,20,73,93
0.36,11,64,75
0.36,4,55,59
0.34,19,55,74
0.34,9,67,76
0.34,7,58,65
0.36,10,43,53
0.32,1,29,30
0.3,5,17,22
0.26,11,20,31
0.24,0,9,9
0.22,0,8,8
0.22,0,5,5
0.2,0,2,2
0.16,0,1,1
0.16,0,3,3
0.14,0,30,30
0.14,1,63,64
0.14,1,153,154
0.16,7,81,88
0.18,11,33,44
0.2,10,41,51
0.22,13,48,61
0.24,8,53,61
0.26,11,66,77
0.26,14,58,72
0.26,9,67,76
0.24,11,146,157
0.24,9,148,157
0.2,8,102,110
0.2,3,49,52
0.18,3,49,52
0.14,0,20,20
0.18,1,11,12
0.16,0,5,5
0.16,0,2,2
0.14,0,1,1
0.14,0,2,2
0.12,0,4,4
0.12,0,36,36
0.12,2,92,94
0.14,2,177,179
0.16,2,98,100
0.16,5,37,42
0.22,7,50,57
0.22,12,66,78
0.24,18,79,97
0.26,9,54,63
0.28,17,48,65
0.3,15,68,83
0.28,10,202,212
0.26,3,179,182
0.24,2,110,112
0.24,1,53,54
0.22,0,48,48
0.22,1,34,35
0.2,2,9,11
0.2,0,6,6
0.16,0,6,6
0.16,0,2,2
0.24,0,2,2
0.22,0,3,3
0.2,0,33,33
0.18,1,87,88
0.2,3,192,195
0.22,6,109,115
0.22,4,53,57
0.26,12,34,46
0.26,5,74,79
0.28,6,65,71
0.3,10,52,62
0.3,7,55,62
0.3,4,85,89
0.24,4,186,190
0.24,3,166,169
0.24,5,127,132
0.22,7,82,89
0.2,3,40,43
0.18,1,41,42
0.2,1,18,19
0.18,0,11,11
0.16,0,4,4
0.16,0,2,2
0.16,0,1,1
0.14,0,4,4
0.14,0,36,36
0.16,0,95,95
0.16,3,216,219
0.18,6,116,122
0.2,3,42,45
0.22,2,57,59
0.26,6,78,84
0.26,12,55,67
0.28,11,59,70
0.28,8,54,62
0.26,12,74,86
0.22,9,163,172
0.22,5,158,163
0.22,3,109,112
0.2,3,66,69
0.22,0,48,48
0.22,1,51,52
0.2,4,19,23
0.2,4,13,17
0.2,2,5,7
0.2,0,1,1
0.2,0,1,1
0.22,0,5,5
0.2,8,26,34
0.2,8,76,84
0.2,20,190,210
0.2,9,125,134
0.22,16,47,63
0.2,19,48,67
0.2,9,50,59
0.2,9,64,73
0.2,7,43,50
0.2,9,63,72
0.2,5,82,87
0.2,9,178,187
0.2,7,116,123
0.16,3,92,95
0.18,1,50,51
0.18,0,39,39
0.18,2,34,36
0.18,1,14,15
0.18,1,24,25
0.18,1,15,16
0.18,3,13,16
0.18,0,7,7
0.18,0,1,1
0.16,0,5,5
0.16,0,2,2
0.16,1,8,9
0.16,0,15,15
0.16,0,20,20
0.18,5,56,61
0.2,2,60,62
0.2,8,90,98
0.2,7,95,102
0.2,12,83,95
0.2,5,69,74
0.18,8,68,76
0.16,5,64,69
0.14,3,52,55
0.14,4,26,30
0.12,0,28,28
0.12,2,35,37
0.12,1,33,34
0.1,0,22,22
0.1,1,24,25
0.1,0,12,12
0.1,0,11,11
0.1,0,4,4
0.08,0,1,1
0.08,0,1,1
0.1,0,1,1
0.08,1,5,6
0.1,0,10,10
0.12,0,19,19
0.14,0,49,49
0.16,2,47,49
0.18,4,79,83
0.2,6,69,75
0.22,8,64,72
0.22,5,77,82
0.2,13,79,92
0.18,3,59,62
0.16,4,44,48
0.16,1,40,41
0.14,0,38,38
0.14,1,19,20
0.14,5,10,15
0.12,0,6,6
0.12,2,3,5
0.12,1,0,1
0.12,0,3,3
0.12,0,1,1
0.1,1,2,3
0.1,0,3,3
0.12,0,31,31
0.12,2,75,77
0.12,4,184,188
0.14,2,92,94
0.14,0,31,31
0.16,2,28,30
0.2,5,47,52
0.2,4,50,54
0.2,0,47,47
0.2,2,43,45
0.2,4,70,74
0.2,4,174,178
0.2,1,154,155
0.16,3,92,95
0.16,1,73,74
0.14,1,37,38
0.14,2,22,24
0.14,0,18,18
0.14,2,10,12
0.14,0,3,3
0.16,0,3,3
0.16,0,6,6
0.16,0,27,27
0.16,2,97,99
0.18,3,214,217
0.18,3,127,130
0.2,3,51,54
0.2,4,31,35
0.2,2,55,57
0.2,6,46,52
0.2,3,60,63
0.16,2,45,47
0.16,4,72,76
0.16,6,130,136
0.16,1,94,95
0.16,0,51,51
0.16,0,32,32
0.16,0,20,20
0.16,1,28,29
0.16,1,18,19
0.16,0,7,7
0.16,0,6,6
0.14,0,1,1
0.14,0,5,5
0.12,0,16,16
0.14,0,54,54
0.16,3,125,128
0.16,3,78,81
0.18,0,39,39
0.2,3,32,35
0.2,3,52,55
0.22,0,49,49
0.2,0,44,44
0.2,1,48,49
0.22,5,63,68
0.2,0,139,139
0.2,2,135,137
0.18,1,82,83
0.16,2,54,56
0.16,0,57,57
0.16,1,32,33
0.14,1,19,20
0.14,1,6,7
0.14,0,2,2
0.14,0,2,2
0.14,0,3,3
0.14,0,4,4
0.14,0,3,3
0.12,0,28,28
0.12,0,72,72
0.14,5,197,202
0.14,2,137,139
0.16,2,36,38
0.2,4,33,37
0.2,3,49,52
0.22,2,81,83
0.22,3,39,42
0.24,5,55,60
0.24,2,76,78
0.2,4,158,162
0.2,3,141,144
0.16,1,98,99
0.16,0,64,64
0.14,0,40,40
0.14,0,30,30
0.12,1,14,15
0.12,0,14,14
0.1,0,5,5
0.1,0,1,1
0.1,0,1,1
0.1,0,8,8
0.1,0,17,17
0.1,0,70,70
0.12,2,156,158
0.14,0,117,117
0.18,4,40,44
0.18,6,47,53
0.2,2,59,61
0.22,4,73,77
0.22,5,59,64
0.24,9,59,68
0.22,3,87,90
0.22,4,155,159
0.2,5,134,139
0.16,3,89,92
0.18,0,68,68
0.16,4,48,52
0.16,2,34,36
0.18,1,26,27
0.18,3,25,28
0.16,2,18,20
0.16,0,12,12
0.16,1,7,8
0.16,0,5,5
0.16,0,1,1
0.14,1,2,3
0.14,1,9,10
0.14,1,22,23
0.16,2,31,33
0.18,2,57,59
0.2,18,54,72
0.24,15,74,89
0.28,21,80,101
0.3,26,92,118
0.32,21,108,129
0.34,33,95,128
0.32,29,54,83
0.3,15,69,84
0.32,14,60,74
0.32,6,35,41
0.32,6,51,57
0.3,0,26,26
0.3,5,39,44
0.26,6,33,39
0.26,4,19,23
0.26,3,13,16
0.22,9,6,15
0.26,0,1,1
0.26,1,1,2
0.26,0,1,1
0.24,0,3,3
0.22,0,18,18
0.22,3,29,32
0.22,8,71,79
0.24,23,70,93
0.24,29,75,104
0.26,23,95,118
0.28,22,69,91
0.26,35,78,113
0.24,22,77,99
0.22,23,82,105
0.2,11,56,67
0.18,14,47,61
0.18,7,50,57
0.18,6,22,28
0.2,2,19,21
0.2,0,18,18
0.2,1,16,17
0.2,1,15,16
0.18,0,8,8
0.18,0,2,2
0.18,1,2,3
0.18,0,1,1
0.18,0,5,5
0.16,4,9,13
0.16,3,30,33
0.16,8,39,47
0.16,7,50,57
0.16,9,55,64
0.18,10,70,80
0.18,13,80,93
0.18,12,74,86
0.2,21,72,93
0.2,6,76,82
0.2,4,67,71
0.18,7,85,92
0.18,2,58,60
0.16,4,29,33
0.16,3,24,27
0.14,0,13,13
0.16,1,3,4
0.2,0,3,3
0.2,0,22,22
0.22,2,26,28
0.22,3,32,35
0.22,0,61,61
0.22,1,124,125
0.22,1,132,133
0.22,1,98,99
0.22,0,83,83
0.22,0,41,41
0.22,0,33,33
0.22,1,19,20
0.22,0,3,3
0.22,1,6,7
0.22,0,3,3
0.22,1,1,2
0.22,0,7,7
0.22,0,32,32
0.24,1,89,90
0.24,1,196,197
0.24,2,107,109
0.26,1,46,47
0.28,5,47,52
0.3,5,65,70
0.4,11,67,78
0.4,7,68,75
0.4,4,78,82
0.38,10,94,104
0.36,7,190,197
0.34,5,156,161
0.32,4,108,112
0.32,2,74,76
0.32,4,55,59
0.3,6,53,59
0.3,1,27,28
0.26,5,8,13
0.26,2,3,5
0.26,0,2,2
0.26,0,1,1
0.26,0,1,1
0.24,0,6,6
0.22,0,35,35
0.22,1,100,101
0.22,2,247,249
0.24,3,140,143
0.26,1,56,57
0.28,5,63,68
0.3,7,77,84
0.28,12,86,98
0.3,6,75,81
0.32,8,62,70
0.3,8,83,91
0.3,8,207,215
0.26,1,184,185
0.26,6,146,152
0.26,2,124,126
0.24,3,54,57
0.24,0,56,56
0.24,3,28,31
0.24,1,20,21
0.24,0,6,6
0.24,0,2,2
0.22,0,1,1
0.22,0,1,1
0.24,1,4,5
0.22,0,27,27
0.2,2,66,68
0.2,7,210,217
0.2,7,159,166
0.2,6,57,63
0.22,6,53,59
0.22,11,67,78
0.2,8,65,73
0.2,6,56,62
0.16,4,61,65
0.16,0,97,97
0.14,10,151,161
0.12,1,119,120
0.12,3,93,96
0.1,1,52,53
0.08,0,41,41
0.06,1,33,34
0.06,0,27,27
0.04,0,13,13
0.04,3,9,12
0.04,0,11,11
0.04,1,6,7
0.02,0,3,3
0.02,0,2,2
0.02,0,8,8
0.02,1,26,27
0.04,3,37,40
0.04,3,50,53
0.06,4,59,63
0.06,10,60,70
0.08,12,72,84
0.1,11,64,75
0.12,10,93,103
0.12,11,72,83
0.12,8,59,67
0.08,0,54,54
0.08,6,53,59
0.06,1,44,45
0.06,0,39,39
0.06,7,23,30
0.04,2,31,33
0.04,2,20,22
0.04,1,12,13
0.02,3,15,18
0.02,1,4,5
0.04,0,3,3
0.04,0,1,1
0.08,1,1,2
0.06,2,17,19
0.1,3,25,28
0.14,7,51,58
0.14,22,77,99
0.16,24,92,116
0.14,12,75,87
0.16,17,93,110
0.16,13,64,77
0.16,9,56,65
0.14,5,50,55
0.12,5,44,49
0.12,5,45,50
0.1,4,31,35
0.1,5,20,25
0.08,5,23,28
0.06,4,17,21
0.06,0,7,7
0.04,0,1,1
0.04,0,1,1
0.02,0,1,1
0.02,0,5,5
0.02,0,15,15
0.02,5,79,84
0.04,6,171,177
0.06,4,98,102
0.1,6,34,40
0.1,3,43,46
0.12,11,52,63
0.14,6,54,60
0.14,2,43,45
0.16,7,50,57
0.16,4,66,70
0.14,6,178,184
0.14,8,145,153
0.14,5,101,106
0.14,1,80,81
0.14,6,53,59
0.14,3,32,35
0.16,3,21,24
0.16,3,6,9
0.16,0,5,5
0.16,0,2,2
0.14,0,1,1
0.14,0,9,9
0.16,1,35,36
0.16,5,103,108
0.16,5,233,238
0.2,10,134,144
0.22,6,49,55
0.24,6,55,61
0.26,21,85,106
0.26,21,72,93
0.3,11,57,68
0.32,21,63,84
0.32,14,102,116
0.3,14,208,222
0.3,7,218,225
0.26,13,133,146
0.24,16,103,119
0.24,5,40,45
0.22,4,49,53
0.22,3,37,40
0.22,3,14,17
0.24,0,5,5
0.22,3,7,10
0.2,0,1,1
0.2,0,8,8
0.22,1,29,30
0.22,3,69,72
0.22,3,55,58
0.22,2,26,28
0.22,6,35,41
0.22,7,41,48
0.22,4,43,47
0.22,0,36,36
0.22,1,42,43
0.22,1,35,36
0.2,0,26,26
0.22,1,23,24
0.22,2,82,84
0.2,3,101,104
0.2,3,76,79
0.18,4,55,59
0.18,2,36,38
0.18,0,27,27
0.18,0,16,16
0.2,0,9,9
0.2,1,2,3
0.2,0,2,2
0.2,1,0,1
0.18,0,4,4
0.18,0,16,16
0.16,2,58,60
0.16,2,155,157
0.18,6,95,101
0.18,0,49,49
0.18,0,30,30
0.18,1,28,29
0.18,0,31,31
0.22,2,36,38
0.2,1,40,41
0.22,10,70,80
0.24,2,147,149
0.24,2,107,109
0.24,5,84,89
0.24,1,61,62
0.22,1,57,58
0.24,0,26,26
0.24,1,22,23
0.22,2,26,28
0.22,0,20,20
0.22,0,15,15
0.2,3,5,8
0.16,1,2,3
0.16,0,2,2
0.16,1,4,5
0.18,3,31,34
0.18,0,34,34
0.18,4,51,55
0.18,4,60,64
0.2,12,66,78
0.22,9,56,65
0.22,10,89,99
0.22,22,98,120
0.24,19,88,107
0.24,9,82,91
0.22,9,59,68
0.22,6,52,58
0.18,1,42,43
0.18,1,35,36
0.16,4,28,32
0.16,3,30,33
0.16,0,33,33
0.14,7,22,29
0.16,1,10,11
0.14,1,7,8
0.14,0,1,1
0.14,0,3,3
0.14,0,3,3
0.14,1,11,12
0.16,4,34,38
0.18,7,57,64
0.22,9,50,59
0.3,10,87,97
0.28,13,71,84
0.28,18,104,122
0.3,14,95,109
0.3,19,104,123
0.3,6,71,77
0.26,8,57,65
0.26,9,46,55
0.26,3,30,33
0.24,3,25,28
0.24,2,19,21
0.24,5,16,21
0.24,1,6,7
0.22,2,5,7
0.22,0,1,1
0.22,0,2,2
0.2,0,2,2
0.18,0,8,8
0.16,0,37,37
0.16,1,71,72
0.16,3,182,185
0.16,0,112,112
0.16,1,68,69
0.16,2,46,48
0.18,6,62,68
0.16,2,52,54
0.18,1,85,86
0.16,3,41,44
0.16,3,83,86
0.16,6,155,161
0.16,3,153,156
0.3,3,108,111
0.16,0,78,78
0.16,3,53,56
0.16,0,34,34
0.16,2,15,17
0.16,2,6,8
0.16,0,3,3
0.16,0,2,2
0.16,0,2,2
0.14,0,3,3
0.14,0,22,22
0.16,0,52,52
0.16,3,132,135
0.16,2,114,116
0.16,0,47,47
0.18,2,49,51
0.2,2,53,55
0.2,3,49,52
0.22,5,49,54
0.24,7,45,52
0.24,3,61,64
0.24,4,172,176
0.24,3,165,168
0.24,3,105,108
0.22,5,69,74
0.22,0,64,64
0.22,2,34,36
0.2,1,15,16
0.22,0,2,2
0.22,0,3,3
0.22,4,0,4
0.22,0,1,1
0.22,0,1,1
0.22,0,3,3
0.22,1,17,18
0.22,1,48,49
0.22,1,154,155
0.24,4,119,123
0.22,2,59,61
0.24,5,47,52
0.24,3,61,64
0.34,1,74,75
0.38,2,61,63
0.38,10,66,76
0.36,8,95,103
0.36,7,183,190
0.34,7,175,182
0.28,3,88,91
0.24,4,71,75
0.22,1,62,63
0.22,5,35,40
0.2,3,29,32
0.2,1,11,12
0.2,0,5,5
0.18,0,2,2
0.18,0,1,1
0.16,0,2,2
0.16,0,39,39
0.14,1,86,87
0.14,4,184,188
0.16,6,127,133
0.18,2,50,52
0.18,9,55,64
0.2,2,67,69
0.2,4,47,51
0.22,4,43,47
0.22,4,56,60
0.22,5,73,78
0.2,5,170,175
0.2,2,145,147
0.2,4,92,96
0.2,1,108,109
0.18,1,53,54
0.18,2,39,41
0.2,4,34,38
0.2,3,10,13
0.16,0,7,7
0.14,0,1,1
0.14,0,1,1
0.14,0,7,7
0.16,2,26,28
0.14,0,87,87
0.14,3,217,220
0.16,3,124,127
0.2,5,46,51
0.22,3,61,64
0.24,8,78,86
0.26,9,73,82
0.28,15,76,91
0.28,9,81,90
0.3,8,91,99
0.26,10,195,205
0.24,3,152,155
0.24,1,102,103
0.24,2,69,71
0.24,2,41,43
0.24,1,45,46
0.24,1,30,31
0.24,3,36,39
0.24,1,17,18
0.24,5,12,17
0.24,1,10,11
0.22,0,8,8
0.2,0,9,9
0.2,0,4,4
0.22,0,4,4
0.2,0,10,10
0.2,3,17,20
0.2,3,31,34
0.22,1,46,47
0.22,10,42,52
0.22,10,62,72
0.22,5,50,55
0.22,11,49,60
0.22,8,63,71
0.24,14,64,78
0.28,2,81,83
0.28,6,78,84
0.3,5,64,69
0.26,3,53,56
0.26,2,43,45
0.26,7,52,59
0.26,2,37,39
0.26,4,40,44
0.26,0,20,20
0.26,3,10,13
0.26,0,2,2
0.26,0,1,1
0.26,0,1,1
0.24,0,8,8
0.24,2,21,23
0.28,7,38,45
0.3,15,74,89
0.32,28,89,117
0.34,48,126,174
0.34,47,135,182
0.34,47,114,161
0.34,52,130,182
0.34,42,115,157
0.34,24,97,121
0.3,13,65,78
0.28,1,20,21
0.28,5,21,26
0.26,5,22,27
0.26,5,57,62
0.24,4,26,30
0.24,1,14,15
0.22,1,4,5
0.2,0,3,3
0.2,0,1,1
0.2,1,1,2
0.2,1,9,10
0.18,1,29,30
0.18,6,89,95
0.16,7,223,230
0.22,3,115,118
0.24,6,49,55
0.3,11,36,47
0.32,7,59,66
0.36,10,54,64
0.36,8,52,60
0.38,4,46,50
0.36,16,98,114
0.32,9,207,216
0.34,5,170,175
0.32,5,123,128
0.32,6,82,88
0.32,3,75,78
0.28,3,34,37
0.3,6,19,25
0.28,4,6,10
0.28,0,4,4
0.26,1,1,2
0.28,0,1,1
0.26,0,3,3
0.26,0,2,2
0.26,0,39,39
0.24,3,97,100
0.24,7,236,243
0.24,7,128,135
0.22,4,44,48
0.22,1,49,50
0.24,2,63,65
0.24,2,48,50
0.22,3,61,64
0.22,6,45,51
0.22,4,79,83
0.22,4,172,176
0.2,1,151,152
0.16,1,100,101
0.16,3,53,56
0.14,8,46,54
0.12,0,29,29
0.12,3,9,12
0.1,0,17,17
0.1,0,7,7
0.08,1,2,3
0.06,0,2,2
0.06,0,7,7
0.06,0,43,43
0.06,4,95,99
0.1,1,198,199
0.12,4,119,123
0.14,8,51,59
0.14,1,40,41
0.18,4,57,61
0.18,2,67,69
0.2,2,56,58
0.2,3,61,64
0.2,7,72,79
0.2,9,157,166
0.18,2,168,170
0.14,1,87,88
0.14,0,84,84
0.14,0,83,83
0.16,4,42,46
0.16,0,37,37
0.14,0,16,16
0.14,0,7,7
0.14,0,3,3
0.14,0,1,1
0.12,0,6,6
0.12,0,26,26
0.1,0,99,99
0.1,5,173,178
0.12,1,121,122
0.12,1,34,35
0.14,1,44,45
0.16,4,65,69
0.18,3,59,62
0.2,6,42,48
0.2,0,50,50
0.2,4,76,80
0.18,6,159,165
0.16,3,157,160
0.14,2,110,112
0.14,4,93,97
0.14,2,70,72
0.12,4,47,51
0.12,1,33,34
0.1,2,12,14
0.1,1,6,7
0.1,0,3,3
0.08,0,4,4
0.1,1,23,24
0.08,1,73,74
0.1,4,212,216
0.12,8,132,140
0.14,5,39,44
0.22,12,52,64
0.22,7,64,71
0.24,21,89,110
0.3,17,67,84
0.32,12,62,74
0.3,14,111,125
0.3,18,193,211
0.28,9,165,174
0.26,7,94,101
0.22,2,61,63
0.2,1,46,47
0.2,2,41,43
0.18,5,48,53
0.16,3,27,30
0.14,2,22,24
0.14,2,13,15
0.12,3,7,10
0.12,0,4,4
0.12,0,1,1
0.12,1,1,2
0.12,2,9,11
0.14,2,28,30
0.16,5,38,43
0.22,13,71,84
0.3,30,84,114
0.3,27,93,120
0.3,32,103,135
0.34,30,90,120
0.34,47,127,174
0.34,42,103,145
0.32,24,113,137
0.28,4,60,64
0.28,2,39,41
0.26,1,39,40
0.26,9,42,51
0.24,6,39,45
0.22,1,31,32
0.2,5,34,39
0.2,1,23,24
0.2,1,19,20
0.2,4,8,12
0.2,0,2,2
0.2,2,3,5
0.22,0,3,3
0.22,1,11,12
0.24,12,35,47
0.3,19,86,105
0.32,26,86,112
0.36,58,94,152
0.38,62,92,154
0.4,51,110,161
0.4,40,122,162
0.42,28,106,134
0.42,30,95,125
0.4,17,78,95
0.4,11,50,61
0.4,15,32,47
0.4,6,45,51
0.4,5,31,36
0.4,3,27,30
0.38,3,8,11
0.38,1,6,7
0.36,0,2,2
0.34,1,1,2
0.32,0,2,2
0.32,0,3,3
0.34,1,25,26
0.34,2,96,98
0.38,7,249,256
0.4,8,122,130
0.44,9,46,55
0.52,10,43,53
0.56,27,99,126
0.58,27,93,120
0.6,14,76,90
0.56,19,71,90
0.52,16,102,118
0.46,25,218,243
0.4,11,194,205
0.38,12,86,98
0.36,5,65,70
0.36,8,35,43
0.34,1,44,45
0.32,1,19,20
0.3,7,12,19
0.3,0,5,5
0.28,1,2,3
0.22,0,1,1
0.22,0,4,4
0.2,0,30,30
0.2,2,103,105
0.2,10,213,223
0.22,2,108,110
0.24,5,47,52
0.26,11,46,57
0.28,6,65,71
0.32,14,68,82
0.34,10,69,79
0.34,11,74,85
0.34,21,77,98
0.32,15,191,206
0.3,14,198,212
0.28,3,142,145
0.26,3,98,101
0.24,5,61,66
0.24,0,41,41
0.22,0,20,20
0.22,0,15,15
0.2,0,9,9
0.2,0,1,1
0.2,0,1,1
0.2,0,5,5
0.2,1,32,33
0.2,5,103,108
0.22,6,224,230
0.24,2,122,124
0.26,14,55,69
0.34,7,59,66
0.38,14,72,86
0.42,13,80,93
0.46,17,65,82
0.46,35,82,117
0.46,26,96,122
0.46,11,244,255
0.4,20,202,222
0.34,18,143,161
0.38,10,108,118
0.36,5,87,92
0.34,12,61,73
0.38,2,31,33
0.34,1,16,17
0.34,0,6,6
0.34,2,4,6
0.34,3,1,4
0.32,3,1,4
0.32,1,11,12
0.3,3,44,47
0.32,7,119,126
0.32,18,267,285
0.36,16,163,179
0.38,18,70,88
0.44,19,71,90
0.48,15,86,101
0.54,15,108,123
0.6,26,55,81
0.6,15,91,106
0.56,29,117,146
0.58,18,256,274
0.54,11,211,222
0.48,14,161,175
0.48,8,131,139
0.52,5,119,124
0.5,8,68,76
0.46,4,40,44
0.44,12,20,32
0.44,1,7,8
0.44,2,5,7
0.46,2,6,8
0.46,0,1,1
0.46,1,6,7
0.44,2,48,50
0.42,8,108,116
0.42,26,246,272
0.42,15,154,169
0.44,17,78,95
0.44,31,82,113
0.5,59,126,185
0.6,45,131,176
0.66,73,118,191
0.66,55,117,172
0.66,68,164,232
0.66,52,275,327
0.64,29,195,224
0.62,16,146,162
0.6,19,105,124
0.58,11,61,72
0.54,19,88,107
0.52,16,61,77
0.48,6,23,29
0.46,10,21,31
0.44,3,14,17
0.42,0,7,7
0.4,0,3,3
0.4,0,3,3
0.4,3,3,6
0.38,6,16,22
0.38,9,36,45
0.4,18,37,55
0.42,34,72,106
0.44,47,76,123
0.44,38,81,119
0.44,52,103,155
0.46,102,94,196
0.44,84,87,171
0.44,39,81,120
0.42,36,91,127
0.36,21,67,88
0.34,5,54,59
0.32,9,38,47
0.32,4,29,33
0.3,2,42,44
0.28,4,25,29
0.26,3,14,17
0.24,5,11,16
0.24,0,17,17
0.22,9,9,18
0.22,0,1,1
0.2,1,1,2
0.18,0,2,2
0.2,2,22,24
0.22,7,48,55
0.26,34,70,104
0.3,72,89,161
0.3,62,120,182
0.34,76,122,198
0.36,108,104,212
0.36,66,102,168
0.36,59,88,147
0.34,60,86,146
0.34,30,71,101
0.34,3,39,42
0.34,12,30,42
0.32,17,39,56
0.32,4,43,47
0.3,9,45,54
0.34,7,30,37
0.34,2,11,13
0.34,1,3,4
0.34,2,3,5
0.32,1,0,1
0.34,1,2,3
0.42,2,6,8
0.42,3,16,19
0.32,7,56,63
0.32,11,46,57
0.32,29,52,81
0.32,20,70,90
0.32,26,67,93
0.3,28,75,103
0.32,15,101,116
0.3,11,76,87
0.28,8,48,56
0.28,18,62,80
0.24,2,64,66
0.24,0,49,49
0.24,0,29,29
0.22,1,33,34
0.2,0,11,11
0.2,0,2,2
0.12,0,7,7
0.12,0,40,40
0.12,7,107,114
0.14,5,101,106
0.16,0,44,44
0.16,7,43,50
0.2,7,48,55
0.22,3,52,55
0.22,9,49,58
0.24,2,67,69
0.22,7,79,86
0.22,8,188,196
0.22,6,161,167
0.2,4,114,118
0.2,3,102,105
0.2,2,80,82
0.16,1,76,77
0.16,3,18,21
0.14,0,6,6
0.14,0,4,4
0.12,0,1,1
0.12,0,2,2
0.12,0,8,8
0.12,0,36,36
0.12,2,94,96
0.14,8,227,235
0.18,9,130,139
0.2,4,47,51
0.24,16,53,69
0.26,11,56,67
0.3,9,78,87
0.32,17,61,78
0.34,18,54,72
0.34,15,79,94
0.34,15,207,222
0.32,3,206,209
0.3,6,135,141
0.24,2,107,109
0.24,2,89,91
0.24,1,60,61
0.22,1,38,39
0.22,0,11,11
0.22,0,7,7
0.2,0,4,4
0.2,0,2,2
0.2,1,3,4
0.2,0,58,58
0.2,0,104,104
0.24,8,244,252
0.24,4,133,137
0.26,8,49,57
0.32,8,71,79
0.36,10,85,95
0.38,16,72,88
0.4,2,67,69
0.4,5,58,63
0.38,4,67,71
0.36,9,168,177
0.34,5,132,137
0.34,3,112,115
0.34,2,87,89
0.34,7,76,83
0.34,5,50,55
0.32,3,47,50
0.32,1,8,9
0.32,1,9,10
0.32,0,3,3
0.32,1,1,2
0.32,1,5,6
0.34,0,11,11
0.34,1,34,35
0.36,3,70,73
0.34,3,111,114
0.42,7,42,49
0.52,9,50,59
0.54,20,95,115
0.54,6,77,83
0.56,14,71,85
0.46,5,50,55
0.32,11,91,102
0.32,8,181,189
0.32,7,150,157
0.3,4,86,90
0.3,2,60,62
0.28,7,56,63
0.26,7,43,50
0.26,2,37,39
0.24,3,25,28
0.24,2,25,27
0.22,3,9,12
0.22,1,7,8
0.22,1,1,2
0.22,1,9,10
0.22,1,6,7
0.22,1,21,22
0.24,2,55,57
0.26,9,65,74
0.3,14,71,85
0.3,26,100,126
0.32,45,115,160
0.34,38,136,174
0.34,57,154,211
0.36,40,125,165
0.36,41,130,171
0.36,53,130,183
0.34,26,111,137
0.32,30,64,94
0.3,8,60,68
0.28,9,59,68
0.28,8,38,46
0.28,5,29,34
0.26,8,26,34
0.26,7,30,37
0.26,2,20,22
0.26,3,8,11
0.24,0,2,2
0.24,2,1,3
0.24,6,8,14
0.26,9,26,35
0.28,17,42,59
0.3,24,79,103
0.36,33,92,125
0.4,61,132,193
0.42,90,169,259
0.44,105,177,282
0.46,98,163,261
0.48,98,170,268
0.42,66,121,187
0.4,24,103,127
0.4,16,86,102
0.4,9,72,81
0.38,8,61,69
0.38,2,67,69
0.36,6,53,59
0.36,5,25,30
0.34,1,7,8
0.32,0,1,1
0.34,1,4,5
0.34,1,27,28
0.36,2,90,92
0.34,13,242,255
0.42,15,127,142
0.52,13,79,92
0.56,13,74,87
0.56,0,36,36
0.46,1,31,32
0.42,1,24,25
0.42,0,35,35
0.42,2,40,42
0.4,2,77,79
0.46,4,127,131
0.44,1,79,80
0.44,0,45,45
0.38,2,78,80
0.34,4,72,76
0.32,0,45,45
0.3,0,7,7
0.26,0,3,3
0.24,0,4,4
0.22,0,2,2
0.22,0,1,1
0.2,1,1,2
0.2,0,46,46
0.2,2,105,107
0.2,10,204,214
0.22,8,116,124
0.24,13,55,68
0.28,8,48,56
0.3,6,80,86
0.32,13,65,78
0.32,18,61,79
0.34,7,57,64
0.34,10,92,102
0.34,12,230,242
0.32,10,214,224
0.3,4,115,119
0.3,2,86,88
0.26,8,55,63
0.24,3,44,47
0.24,2,23,25
0.22,3,5,8
0.22,0,4,4
0.22,0,2,2
0.22,3,1,4
0.2,1,0,1
0.22,0,5,5
0.22,1,39,40
0.22,2,108,110
0.24,13,243,256
0.28,7,141,148
0.32,11,65,76
0.34,8,65,73
0.4,20,62,82
0.5,35,90,125
0.52,21,75,96
0.54,19,91,110
0.54,27,112,139
0.5,30,238,268
0.46,8,193,201
0.4,6,144,150
0.36,9,86,95
0.34,3,68,71
0.3,4,44,48
0.26,0,22,22
0.24,3,10,13
0.24,0,1,1
0.2,1,2,3
0.2,0,1,1
0.16,0,1,1
0.14,1,7,8
0.14,1,34,35
0.12,1,110,111
0.14,4,216,220
0.16,10,135,145
0.18,7,49,56
0.2,10,40,50
0.22,7,65,72
0.22,13,67,80
0.24,18,60,78
0.24,6,62,68
0.26,6,65,71
0.26,17,185,202
0.24,6,161,167
0.2,5,101,106
0.2,1,69,70
0.18,3,48,51
0.2,3,50,53
0.18,0,23,23
0.2,0,12,12
0.18,0,4,4
0.18,0,2,2
0.18,0,1,1
0.18,1,0,1
0.16,0,7,7
0.16,1,28,29
0.16,0,83,83
0.18,6,222,228
0.22,12,138,150
0.24,10,56,66
0.28,16,73,89
0.32,10,87,97
0.34,13,74,87
0.36,30,65,95
0.36,31,75,106
0.36,17,101,118
0.36,22,206,228
0.34,15,172,187
0.32,5,102,107
0.3,9,78,87
0.3,6,64,70
0.3,4,40,44
0.3,6,40,46
0.28,4,15,19
0.3,5,20,25
0.3,5,15,20
0.3,0,2,2
0.3,0,1,1
0.3,0,3,3
0.3,1,3,4
0.3,5,10,15
0.3,11,34,45
0.32,15,48,63
0.34,34,69,103
0.4,43,116,159
0.44,46,121,167
0.46,60,130,190
0.48,80,118,198
0.46,83,122,205
0.48,74,130,204
0.48,60,104,164
0.48,37,115,152
0.46,27,62,89
0.44,12,58,70
0.44,12,60,72
0.42,16,47,63
0.44,10,34,44
0.42,11,41,52
0.42,12,27,39
0.4,5,27,32
0.42,2,9,11
0.42,0,3,3
0.42,1,1,2
0.42,0,5,5
0.4,1,8,9
0.42,4,18,22
0.42,4,27,31
0.42,18,44,62
0.46,10,69,79
0.46,22,83,105
0.44,12,27,39
0.44,3,4,7
0.36,3,8,11
0.34,2,23,25
0.32,0,23,23
0.3,0,11,11
0.28,3,8,11
0.24,1,6,7
0.22,0,10,10
0.22,0,9,9
0.2,0,4,4
0.2,0,2,2
0.2,0,1,1
0.2,1,0,1
0.2,0,1,1
0.2,3,31,34
0.2,3,88,91
0.2,11,200,211
0.22,5,129,134
0.24,15,43,58
0.26,19,41,60
0.3,28,68,96
0.32,16,54,70
0.32,21,56,77
0.34,32,64,96
0.34,26,96,122
0.34,27,206,233
0.32,19,214,233
0.3,11,134,145
0.3,5,87,92
0.28,1,53,54
0.26,1,34,35
0.28,0,22,22
0.26,1,9,10
0.24,0,4,4
0.24,1,0,1
0.24,5,2,7
0.22,0,2,2
0.2,2,8,10
0.2,3,42,45
0.18,9,119,128
0.22,10,247,257
0.26,11,140,151
0.3,25,46,71
0.36,26,52,78
0.36,29,70,99
0.38,25,73,98
0.38,16,56,72
0.36,35,77,112
0.38,26,82,108
0.36,39,209,248
0.34,21,214,235
0.34,9,141,150
0.32,2,74,76
0.3,7,68,75
0.3,11,44,55
0.28,3,38,41
0.26,0,9,9
0.26,0,4,4
0.26,1,1,2
0.24,1,2,3
0.24,0,2,2
0.24,1,7,8
0.24,5,44,49
0.24,18,123,141
0.24,11,238,249
0.26,5,136,141
0.3,8,49,57
0.32,15,44,59
0.32,14,84,98
0.32,17,82,99
0.34,10,61,71
0.36,15,64,79
0.34,10,102,112
0.34,18,176,194
0.34,12,176,188
0.34,11,123,134
0.32,4,87,91
0.32,10,52,62
0.32,4,17,21
0.34,1,17,18
0.34,3,0,3
0.34,0,2,2
0.34,0,1,1
0.36,1,2,3
0.36,0,12,12
0.38,1,36,37
0.38,1,43,44
0.4,1,23,24
0.4,0,17,17
0.4,6,5,11
0.42,4,30,34
0.42,1,11,12
0.44,0,12,12
0.44,3,11,14
0.42,1,20,21
0.44,2,109,111
0.44,2,80,82
0.44,5,51,56
0.36,9,29,38
0.36,1,27,28
0.34,4,30,34
0.34,1,26,27
0.34,0,6,6
0.34,0,8,8
0.34,2,3,5
0.32,0,2,2
0.3,1,6,7
0.26,1,31,32
0.26,10,104,114
0.28,15,244,259
0.3,13,143,156
0.32,18,60,78
0.32,14,67,81
0.34,15,96,111
0.36,15,92,107
0.36,25,64,89
0.34,21,64,85
0.34,18,95,113
0.34,23,200,223
0.32,19,134,153
0.3,7,111,118
0.3,6,70,76
0.3,10,43,53
0.3,11,53,64
0.3,3,34,37
0.26,4,30,34
0.24,3,15,18
0.24,0,14,14
0.24,1,6,7
0.24,0,1,1
0.22,0,2,2
0.22,2,2,4
0.24,4,19,23
0.26,9,44,53
0.28,25,76,101
0.32,21,78,99
0.34,36,83,119
0.34,51,107,158
0.36,62,95,157
0.4,70,96,166
0.42,81,101,182
0.46,100,144,244
0.46,99,114,213
0.42,54,91,145
0.42,26,86,112
0.4,22,64,86
0.38,36,46,82
0.36,7,56,63
0.38,11,38,49
0.38,3,35,38
0.36,10,23,33
0.34,6,17,23
0.34,4,9,13
0.36,0,3,3
0.34,0,2,2
0.36,2,8,10
0.4,11,23,34
0.4,8,36,44
0.42,36,86,122
0.44,88,93,181
0.46,74,120,194
0.46,97,124,221
0.46,144,106,250
0.48,149,155,304
0.46,124,132,256
0.44,98,143,241
0.4,55,92,147
0.36,28,73,101
0.32,23,54,77
0.3,9,49,58
0.3,8,29,37
0.26,5,23,28
0.26,4,7,11
0.26,0,1,1
0.26,0,1,1
0.26,0,3,3
0.24,0,8,8
0.26,1,27,28
0.28,4,84,88
0.3,24,217,241
0.32,13,127,140
0.34,27,57,84
0.36,26,45,71
0.38,40,54,94
0.38,24,51,75
0.38,27,52,79
0.38,24,77,101
0.4,27,80,107
0.38,42,229,271
0.36,25,210,235
0.36,17,133,150
0.34,23,106,129
0.34,5,58,63
0.32,4,43,47
0.32,2,17,19
0.32,7,7,14
0.3,4,6,10
0.3,1,2,3
0.24,1,1,2
0.24,0,11,11
0.22,3,32,35
0.24,10,109,119
0.26,23,259,282
0.3,10,147,157
0.32,22,56,78
0.34,27,51,78
0.36,32,70,102
0.36,23,74,97
0.38,14,74,88
0.38,24,66,90
0.38,21,93,114
0.36,22,195,217
0.36,18,207,225
0.34,14,138,152
0.34,9,79,88
0.32,2,53,55
0.32,1,20,21
0.32,1,17,18
0.3,0,8,8
0.3,1,2,3
0.28,1,2,3
0.3,0,1,1
0.3,0,3,3
0.3,1,30,31
0.3,10,101,111
0.32,26,227,253
0.32,10,144,154
0.36,19,49,68
0.36,13,62,75
0.4,23,65,88
0.4,18,81,99
0.4,33,67,100
0.4,22,79,101
0.4,30,121,151
0.44,37,216,253
0.44,26,211,237
0.44,18,150,168
0.42,10,111,121
0.42,3,75,78
0.4,11,48,59
0.4,9,18,27
0.38,4,19,23
0.36,1,11,12
0.34,3,5,8
0.34,1,1,2
0.34,0,3,3
0.32,0,13,13
0.32,4,47,51
0.32,12,128,140
0.36,17,282,299
0.4,23,162,185
0.44,9,69,78
0.44,20,66,86
0.5,24,81,105
0.52,26,85,111
0.5,32,87,119
0.52,30,95,125
0.5,34,108,142
0.5,48,265,313
0.46,50,260,310
0.44,18,189,207
0.42,25,112,137
0.42,19,119,138
0.4,17,70,87
0.42,7,43,50
0.42,5,24,29
0.4,4,12,16
0.4,5,9,14
0.36,1,4,5
0.38,2,8,10
0.4,1,35,36
0.4,11,112,123
0.42,24,256,280
0.46,18,192,210
0.52,43,74,117
0.54,55,104,159
0.56,72,123,195
0.64,57,118,175
0.66,71,103,174
0.68,62,111,173
0.68,67,137,204
0.7,95,237,332
0.68,84,247,331
0.66,58,132,190
0.62,46,103,149
0.62,22,91,113
0.62,55,63,118
0.6,26,60,86
0.6,26,50,76
0.58,16,35,51
0.56,5,20,25
0.54,1,7,8
0.52,1,2,3
0.52,0,2,2
0.44,0,10,10
0.4,4,9,13
0.42,11,37,48
0.42,35,41,76
0.44,55,85,140
0.46,90,106,196
0.46,126,141,267
0.5,174,127,301
0.5,168,144,312
0.5,170,143,313
0.5,175,129,304
0.48,138,140,278
0.46,92,125,217
0.44,38,116,154
0.42,39,69,108
0.4,20,73,93
0.4,27,45,72
0.38,13,37,50
0.34,7,33,40
0.32,2,22,24
0.3,6,24,30
0.28,1,11,12
0.26,2,1,3
0.26,3,6,9
0.26,1,3,4
0.24,5,9,14
0.28,7,30,37
0.3,35,43,78
0.32,55,81,136
0.34,92,111,203
0.36,120,108,228
0.38,88,115,203
0.4,145,134,279
0.4,172,136,308
0.42,92,132,224
0.4,83,143,226
0.38,58,98,156
0.36,21,58,79
0.36,21,46,67
0.34,10,39,49
0.34,8,30,38
0.34,13,11,24
0.34,2,11,13
0.34,1,6,7
0.34,1,5,6
0.34,0,1,1
0.32,1,1,2
0.32,2,30,32
0.3,3,15,18
0.3,3,95,98
0.34,12,115,127
0.38,17,45,62
0.42,32,47,79
0.44,25,56,81
0.5,35,77,112
0.54,36,65,101
0.56,41,66,107
0.54,29,112,141
0.54,41,231,272
0.52,44,232,276
0.58,22,199,221
0.56,16,106,122
0.46,12,79,91
0.46,18,60,78
0.46,8,22,30
0.46,4,7,11
0.42,6,13,19
0.44,0,1,1
0.44,3,2,5
0.42,0,1,1
0.4,1,11,12
0.4,2,58,60
0.4,4,132,136
0.4,24,312,336
0.4,19,159,178
0.44,29,95,124
0.44,22,64,86
0.46,35,86,121
0.5,21,85,106
0.5,30,71,101
0.5,55,79,134
0.5,40,125,165
0.5,42,265,307
0.48,41,271,312
0.44,22,142,164
0.44,19,116,135
0.42,24,63,87
0.4,13,57,70
0.4,4,28,32
0.36,3,8,11
0.34,0,7,7
0.34,1,1,2
0.34,0,3,3
0.32,0,10,10
0.34,1,43,44
0.32,7,111,118
0.32,14,247,261
0.32,8,174,182
0.34,15,60,75
0.34,18,53,71
0.34,14,73,87
0.34,14,94,108
0.36,13,71,84
0.38,11,74,85
0.4,13,123,136
0.4,28,245,273
0.38,20,218,238
0.38,12,147,159
0.36,3,72,75
0.32,0,22,22
0.32,6,38,44
0.32,2,24,26
0.32,0,11,11
0.3,0,3,3
0.3,0,6,6
0.28,1,0,1
0.28,0,1,1
0.28,1,8,9
0.28,0,41,41
0.26,2,106,108
0.26,4,120,124
0.26,3,94,97
0.26,10,55,65
0.3,10,61,71
0.3,12,82,94
0.32,11,90,101
0.3,17,66,83
0.3,13,77,90
0.3,6,78,84
0.3,12,221,233
0.3,17,197,214
0.3,16,122,138
0.28,8,110,118
0.26,11,67,78
0.26,3,59,62
0.24,9,24,33
0.24,1,17,18
0.2,0,5,5
0.2,0,5,5
0.2,0,2,2
0.18,3,2,5
0.18,0,9,9
0.18,0,32,32
0.2,4,100,104
0.22,9,228,237
0.24,16,150,166
0.26,15,53,68
0.3,17,58,75
0.32,37,108,145
0.32,34,104,138
0.36,30,103,133
0.34,43,79,122
0.34,23,127,150
0.32,23,202,225
0.3,8,190,198
0.3,9,126,135
0.3,6,75,81
0.3,11,64,75
0.28,3,40,43
0.26,8,31,39
0.26,3,25,28
0.26,3,24,27
0.22,4,21,25
0.2,2,7,9
0.22,2,4,6
0.2,0,8,8
0.18,2,8,10
0.2,18,23,41
0.22,24,42,66
0.24,32,68,100
0.26,32,93,125
0.28,75,93,168
0.3,98,129,227
0.32,94,145,239
0.34,93,123,216
0.34,110,109,219
0.34,118,130,248
0.32,102,101,203
0.32,64,89,153
0.28,45,93,138
0.28,18,67,85
0.26,15,36,51
0.28,17,46,63
0.26,10,31,41
0.26,5,26,31
0.24,3,17,20
0.22,6,15,21
0.2,0,14,14
0.18,1,5,6
0.16,0,2,2
0.16,0,7,7
0.2,6,8,14
0.22,17,37,54
0.22,27,59,86
0.24,23,85,108
0.26,43,120,163
0.3,47,100,147
0.32,61,103,164
0.32,61,111,172
0.34,45,98,143
0.32,50,109,159
0.3,32,105,137
0.3,23,80,103
0.28,7,50,57
0.26,7,29,36
0.26,5,25,30
0.26,3,16,19
0.22,1,11,12
0.22,2,4,6
0.22,0,5,5
0.22,0,2,2
0.18,0,8,8
0.18,0,40,40
0.2,6,104,110
0.2,15,239,254
0.22,12,109,121
0.24,22,47,69
0.26,18,39,57
0.26,8,71,79
0.3,14,69,83
0.32,15,65,80
0.32,19,53,72
0.34,15,117,132
0.34,25,227,252
0.32,21,220,241
0.3,17,156,173
0.32,5,107,112
0.32,6,55,61
0.3,0,40,40
0.28,1,18,19
0.26,1,15,16
0.24,0,4,4
0.24,0,3,3
0.24,2,1,3
0.2,1,1,2
0.22,0,8,8
0.22,4,46,50
0.22,5,128,133
0.24,19,268,287
0.28,16,156,172
0.3,13,46,59
0.34,18,63,81
0.34,29,77,106
0.34,24,80,104
0.36,20,66,86
0.38,22,65,87
0.38,12,124,136
0.4,34,265,299
0.36,42,252,294
0.34,20,170,190
0.36,13,119,132
0.34,8,75,83
0.34,6,49,55
0.32,8,27,35
0.32,3,8,11
0.32,1,9,10
0.32,0,4,4
0.32,0,4,4
0.32,1,0,1
0.3,0,7,7
0.3,4,44,48
0.32,8,128,136
0.32,16,247,263
0.32,7,147,154
0.34,13,51,64
0.34,26,64,90
0.34,15,65,80
0.36,14,84,98
0.36,16,64,80
0.28,14,56,70
0.28,0,36,36
0.26,11,105,116
0.26,6,79,85
0.26,5,67,72
0.24,4,40,44
0.24,0,27,27
0.24,3,21,24
0.24,1,11,12
0.24,0,3,3
0.24,1,4,5
0.24,0,5,5
0.24,0,1,1
0.24,0,2,2
0.24,0,8,8
0.24,2,34,36
0.24,5,87,92
0.24,7,185,192
0.26,6,126,132
0.26,15,54,69
0.28,6,52,58
0.28,17,73,90
0.3,13,55,68
0.3,27,49,76
0.3,4,61,65
0.3,13,72,85
0.3,15,153,168
0.3,12,165,177
0.3,12,118,130
0.28,6,79,85
0.28,7,53,60
0.28,7,44,51
0.26,4,23,27
0.26,0,6,6
0.26,0,4,4
0.26,0,7,7
0.24,0,4,4
0.24,0,3,3
0.24,1,11,12
0.24,2,26,28
0.24,4,91,95
0.26,8,198,206
0.32,11,162,173
0.32,12,63,75
0.32,17,72,89
0.34,15,80,95
0.36,18,92,110
0.36,26,61,87
0.34,30,81,111
0.34,42,125,167
0.34,36,245,281
0.34,36,205,241
0.34,16,120,136
0.32,2,75,77
0.32,9,84,93
0.3,10,64,74
0.3,12,41,53
0.3,3,29,32
0.26,4,28,32
0.24,1,20,21
0.24,1,8,9
0.24,0,5,5
0.24,1,4,5
0.26,5,7,12
0.26,2,16,18
0.3,10,45,55
0.34,22,65,87
0.36,41,113,154
0.4,72,126,198
0.32,84,100,184
0.34,56,81,137
0.32,97,93,190
0.34,72,64,136
0.38,111,85,196
0.38,89,95,184
0.38,69,110,179
0.36,71,77,148
0.34,29,56,85
0.32,24,53,77
0.32,14,41,55
0.32,20,33,53
0.3,8,31,39
0.3,8,26,34
0.26,5,19,24
0.3,3,8,11
0.28,3,0,3
0.28,1,4,5
0.28,10,23,33
0.32,13,20,33
0.34,18,44,62
0.36,68,74,142
0.4,111,104,215
0.42,139,104,243
0.44,166,147,313
0.44,219,148,367
0.46,240,109,349
0.46,174,118,292
0.46,147,156,303
0.46,148,126,274
0.46,71,101,172
0.42,51,93,144
0.42,24,55,79
0.42,8,37,45
0.4,7,29,36
0.4,9,22,31
0.4,1,5,6
0.4,7,4,11
0.38,1,1,2
0.38,1,0,1
0.38,1,1,2
0.4,0,7,7
0.42,3,43,46
0.44,7,150,157
0.46,31,308,339
0.5,24,134,158
0.54,35,55,90
0.6,58,66,124
0.64,59,98,157
0.68,47,92,139
0.74,47,76,123
0.76,47,96,143
0.76,59,130,189
0.74,83,283,366
0.72,78,308,386
0.7,51,227,278
0.7,40,133,173
0.7,19,76,95
0.68,17,58,75
0.64,18,30,48
0.62,10,12,22
0.62,10,5,15
0.54,0,5,5
0.54,1,3,4
0.5,0,2,2
0.46,0,5,5
0.48,2,36,38
0.48,10,124,134
0.38,9,148,157
0.36,2,44,46
0.34,3,25,28
0.32,1,18,19
0.34,6,32,38
0.36,5,51,56
0.36,9,67,76
0.4,6,62,68
0.38,17,113,130
0.42,27,246,273
0.38,19,248,267
0.36,12,148,160
0.34,4,87,91
0.34,8,81,89
0.32,3,43,46
0.3,3,23,26
0.3,0,15,15
0.26,0,2,2
0.24,0,5,5
0.26,0,4,4
0.24,0,1,1
0.24,1,12,13
0.24,4,52,56
0.26,3,130,133
0.32,17,308,325
0.36,8,157,165
0.4,21,48,69
0.42,23,70,93
0.44,22,112,134
0.46,29,83,112
0.5,35,80,115
0.52,34,83,117
0.54,27,142,169
0.52,53,303,356
0.52,43,282,325
0.5,36,196,232
0.46,15,126,141
0.46,18,84,102
0.46,13,71,84
0.46,11,29,40
0.46,5,15,20
0.42,2,11,13
0.42,0,7,7
0.36,0,3,3
0.34,0,1,1
0.34,0,6,6
0.32,5,59,64
0.34,8,152,160
0.36,23,291,314
0.4,15,155,170
0.42,29,66,95
0.46,36,86,122
0.46,39,114,153
0.52,36,99,135
0.56,46,111,157
0.6,27,133,160
0.6,52,161,213
0.52,63,280,343
0.48,68,265,333
0.46,34,192,226
0.44,37,166,203
0.44,19,89,108
0.4,18,63,81
0.38,9,45,54
0.36,4,21,25
0.34,3,6,9
0.34,3,10,13
0.34,0,1,1
0.34,0,1,1
0.32,1,8,9
0.34,2,33,35
0.34,4,109,113
0.34,13,208,221
0.36,17,168,185
0.36,10,63,73
0.4,19,79,98
0.38,29,51,80
0.36,7,35,42
0.34,2,13,15
0.34,1,24,25
0.32,2,58,60
0.32,10,138,148
0.32,8,54,62
0.3,1,52,53
0.3,12,51,63
0.3,11,43,54
0.3,9,42,51
0.3,4,31,35
0.3,5,26,31
0.3,3,17,20
0.32,2,15,17
0.3,3,11,14
0.3,0,3,3
0.3,0,5,5
0.3,0,13,13
0.3,8,13,21
0.32,7,47,54
0.34,27,71,98
0.34,43,90,133
0.36,51,91,142
0.36,79,123,202
0.36,114,108,222
0.36,94,118,212
0.36,85,116,201
0.38,73,118,191
0.38,128,129,257
0.38,48,129,177
0.38,47,83,130
0.38,19,74,93
0.36,10,65,75
0.36,21,66,87
0.38,12,45,57
0.38,5,48,53
0.38,6,31,37
0.38,12,24,36
0.38,5,11,16
0.36,3,2,5
0.36,0,4,4
0.36,0,4,4
0.36,3,7,10
0.38,17,38,55
0.38,31,50,81
0.4,69,81,150
0.4,93,109,202
0.42,94,136,230
0.46,121,142,263
0.5,148,133,281
0.5,156,141,297
0.52,135,153,288
0.52,84,152,236
0.5,103,137,240
0.5,47,84,131
0.46,21,71,92
0.44,18,77,95
0.44,12,45,57
0.46,5,27,32
0.48,7,16,23
0.46,1,3,4
0.46,7,2,9
0.46,0,1,1
0.46,1,12,13
0.46,2,59,61
0.5,12,164,176
0.52,28,286,314
0.56,33,132,165
0.56,41,55,96
0.6,45,59,104
0.6,37,97,134
0.64,62,77,139
0.72,60,85,145
0.74,56,85,141
0.74,73,162,235
0.74,100,352,452
0.72,93,290,383
0.72,73,211,284
0.68,44,122,166
0.66,39,119,158
0.64,25,66,91
0.58,16,38,54
0.62,11,13,24
0.62,6,7,13
0.6,7,7,14
0.58,0,1,1
0.56,4,2,6
0.54,1,15,16
0.54,3,55,58
0.54,12,177,189
0.48,15,211,226
0.46,4,50,54
0.5,6,34,40
0.52,11,38,49
0.56,9,83,92
0.54,22,84,106
0.5,16,28,44
0.48,24,54,78
0.48,19,80,99
0.44,29,262,291
0.44,21,203,224
0.42,3,127,130
0.42,9,94,103
0.42,10,74,84
0.4,7,47,54
0.4,8,31,39
0.4,3,12,15
0.4,0,1,1
0.4,0,2,2
0.4,0,2,2
0.4,1,2,3
0.38,1,4,5
0.38,1,33,34
0.36,3,67,70
0.38,6,158,164
0.38,2,63,65
0.4,4,42,46
0.42,4,57,61
0.42,12,83,95
0.44,6,55,61
0.42,24,82,106
0.44,12,69,81
0.46,23,119,142
0.46,25,284,309
0.44,28,293,321
0.44,15,160,175
0.44,7,119,126
0.42,17,100,117
0.42,10,89,99
0.4,5,57,62
0.38,3,18,21
0.38,1,9,10
0.36,0,3,3
0.34,0,2,2
0.34,1,8,9
0.34,2,12,14
0.34,4,66,70
0.38,11,182,193
0.42,21,316,337
0.46,18,152,170
0.5,21,68,89
0.52,28,87,115
0.54,35,110,145
0.56,38,121,159
0.56,36,101,137
0.6,57,85,142
0.6,49,153,202
0.6,50,338,388
0.56,47,290,337
0.54,37,222,259
0.5,22,147,169
0.46,19,126,145
0.48,22,82,104
0.46,7,40,47
0.44,6,21,27
0.44,6,9,15
0.4,8,10,18
0.4,0,3,3
0.38,0,3,3
0.36,2,11,13
0.36,5,42,47
0.4,10,139,149
0.44,21,279,300
0.5,16,162,178
0.5,31,91,122
0.52,41,95,136
0.52,45,155,200
0.54,47,133,180
0.54,57,106,163
0.54,50,112,162
0.52,70,173,243
0.5,64,267,331
0.46,47,216,263
0.42,41,168,209
0.4,26,92,118
0.4,25,77,102
0.38,16,64,80
0.36,8,56,64
0.36,7,36,43
0.36,5,28,33
0.36,5,19,24
0.36,5,9,14
0.36,1,4,5
0.38,1,3,4
0.4,1,9,10
0.4,3,18,21
0.4,7,38,45
0.4,2,27,29
0.42,1,21,22
0.42,4,27,31
0.46,6,26,32
0.46,9,49,58
0.52,14,49,63
0.52,16,62,78
0.5,6,27,33
0.5,1,14,15
0.5,6,32,38
0.52,9,62,71
0.44,4,49,53
0.44,1,13,14
0.42,2,22,24
0.44,5,30,35
0.44,4,29,33
0.42,6,25,31
0.4,4,25,29
0.4,12,13,25
0.36,2,5,7
0.36,2,1,3
0.36,3,5,8
0.36,2,14,16
0.38,7,36,43
0.4,31,71,102
0.42,91,120,211
0.46,119,185,304
0.46,167,187,354
0.5,181,162,343
0.52,170,191,361
0.54,179,209,388
0.54,161,182,343
0.56,143,163,306
0.56,102,175,277
0.56,75,135,210
0.52,44,97,141
0.5,13,70,83
0.5,21,49,70
0.44,19,37,56
0.46,15,24,39
0.46,11,8,19
0.42,14,2,16
0.42,6,1,7
0.4,2,4,6
0.4,0,16,16
0.4,3,51,54
0.46,12,156,168
0.46,20,277,297
0.5,37,132,169
0.52,41,68,109
0.54,36,87,123
0.56,60,124,184
0.56,41,128,169
0.58,49,95,144
0.6,64,112,176
0.6,40,165,205
0.58,66,362,428
0.64,41,321,362
0.56,42,244,286
0.6,29,136,165
0.56,20,131,151
0.52,9,81,90
0.5,11,35,46
0.5,2,23,25
0.46,5,2,7
0.46,8,5,13
0.48,0,3,3
0.46,1,4,5
0.46,1,17,18
0.48,2,63,65
0.52,22,166,188
0.5,20,331,351
0.52,23,139,162
0.5,15,60,75
0.54,19,53,72
0.54,19,84,103
0.54,26,103,129
0.54,19,88,107
0.54,44,83,127
0.56,30,162,192
0.56,39,372,411
0.54,44,377,421
0.5,28,248,276
0.5,20,148,168
0.5,8,114,122
0.48,3,109,112
0.46,11,41,52
0.44,4,29,33
0.42,2,5,7
0.42,0,2,2
0.42,0,2,2
0.4,5,4,9
0.4,1,14,15
0.42,2,62,64
0.44,26,211,237
0.62,22,374,396
0.66,27,170,197
0.62,45,86,131
0.62,31,87,118
0.7,28,117,145
0.7,42,135,177
0.74,33,115,148
0.76,32,113,145
0.76,54,201,255
0.74,34,398,432
0.74,56,385,441
0.7,74,309,383
0.68,31,194,225
0.66,38,134,172
0.62,12,105,117
0.6,14,79,93
0.56,11,33,44
0.52,6,20,26
0.5,3,10,13
0.46,4,3,7
0.44,2,4,6
0.42,0,14,14
0.4,2,73,75
0.42,15,183,198
0.4,19,346,365
0.42,18,178,196
0.42,25,73,98
0.44,34,99,133
0.46,49,150,199
0.48,55,122,177
0.5,68,160,228
0.52,69,166,235
0.52,66,228,294
0.5,79,402,481
0.5,71,381,452
0.46,52,272,324
0.44,28,176,204
0.42,25,159,184
0.42,31,106,137
0.4,13,86,99
0.36,3,30,33
0.36,2,22,24
0.36,2,7,9
0.36,0,2,2
0.34,1,2,3
0.34,0,16,16
0.34,2,47,49
0.34,5,175,180
0.34,15,331,346
0.34,17,178,195
0.36,32,104,136
0.34,23,83,106
0.34,19,61,80
0.34,3,37,40
0.34,3,33,36
0.34,13,62,75
0.34,4,58,62
0.32,6,63,69
0.32,4,47,51
0.32,7,48,55
0.32,8,39,47
0.3,5,23,28
0.3,3,21,24
0.32,0,17,17
0.32,0,18,18
0.32,5,11,16
0.32,3,14,17
0.32,0,4,4
0.34,2,3,5
0.34,1,6,7
0.34,0,11,11
0.34,2,17,19
0.36,15,32,47
0.38,13,55,68
0.42,36,93,129
0.46,68,164,232
0.52,94,197,291
0.52,126,186,312
0.58,182,209,391
0.6,171,226,397
0.6,180,246,426
0.6,168,215,383
0.58,149,227,376
0.56,84,199,283
0.54,45,138,183
0.56,32,103,135
0.58,55,114,169
0.54,31,86,117
0.52,30,66,96
0.5,14,40,54
0.5,27,45,72
0.5,4,20,24
0.5,0,5,5
0.5,5,7,12
0.5,10,3,13
0.5,16,11,27
0.52,38,42,80
0.56,73,104,177
0.6,118,171,289
0.66,124,193,317
0.68,168,220,388
0.7,205,236,441
0.7,197,223,420
0.66,167,202,369
0.74,162,197,359
0.66,142,189,331
0.64,96,174,270
0.6,62,132,194
0.6,34,71,105
0.54,8,53,61
0.54,5,40,45
0.54,5,37,42
0.52,2,10,12
0.54,2,8,10
0.54,1,9,10
0.5,2,8,10
0.52,1,4,5
0.46,3,14,17
0.5,7,59,66
0.52,13,183,196
0.56,27,326,353
0.6,27,147,174
0.64,61,64,125
0.64,53,94,147
0.66,48,140,188
0.7,57,146,203
0.72,47,99,146
0.74,50,125,175
0.7,41,198,239
0.7,80,441,521
0.68,74,425,499
0.66,62,320,382
0.66,42,195,237
0.62,41,149,190
0.6,23,83,106
0.58,9,53,62
0.62,10,17,27
0.62,16,5,21
0.56,17,9,26
0.54,17,4,21
0.56,2,4,6
0.54,0,16,16
0.56,0,80,80
0.58,16,254,270
0.58,32,417,449
0.64,35,164,199
0.66,22,98,120
0.68,40,132,172
0.7,40,146,186
0.74,37,139,176
0.72,40,115,155
0.7,34,119,153
0.7,40,251,291
0.68,66,455,521
0.68,65,463,528
0.64,42,286,328
0.64,35,199,234
0.62,33,162,195
0.6,32,116,148
0.6,7,71,78
0.6,3,24,27
0.6,2,15,17
0.58,0,5,5
0.58,3,4,7
0.56,0,6,6
0.56,1,16,17
0.56,5,79,84
0.58,17,229,246
0.58,31,413,444
0.6,20,161,181
0.62,26,66,92
0.64,53,103,156
0.66,38,135,173
0.64,31,119,150
0.68,29,119,148
0.7,18,120,138
0.7,29,189,218
0.66,63,458,521
0.66,46,366,412
0.62,40,220,260
0.64,30,188,218
0.62,19,126,145
0.62,18,111,129
0.62,25,53,78
0.64,13,41,54
0.62,8,12,20
0.62,14,7,21
0.64,2,1,3
0.62,4,5,9
0.62,0,13,13
0.64,7,79,86
0.64,14,201,215
0.66,31,367,398
0.62,18,165,183
0.62,9,45,54
0.62,10,74,84
0.62,23,84,107
0.62,18,103,121
0.62,21,121,142
0.66,46,117,163
0.62,42,228,270
0.64,49,406,455
0.64,44,486,530
0.62,57,347,404
0.58,49,220,269
0.56,27,167,194
0.54,34,119,153
0.54,29,81,110
0.52,11,37,48
0.5,10,21,31
0.46,2,8,10
0.46,1,4,5
0.46,0,6,6
0.46,0,25,25
0.5,4,67,71
0.52,18,222,240
0.54,35,386,421
0.54,45,185,230
0.56,57,99,156
0.6,49,108,157
0.56,63,160,223
0.56,74,234,308
0.6,58,190,248
0.56,77,175,252
0.54,59,240,299
0.52,75,433,508
0.52,55,384,439
0.46,40,230,270
0.48,34,160,194
0.46,50,145,195
0.42,36,110,146
0.44,25,88,113
0.44,33,73,106
0.44,15,59,74
0.44,12,53,65
0.42,4,13,17
0.42,2,5,7
0.42,3,4,7
0.4,10,11,21
0.4,21,27,48
0.4,21,70,91
0.44,35,121,156
0.48,94,185,279
0.5,120,201,321
0.52,178,238,416
0.54,185,270,455
0.54,184,268,452
0.56,217,282,499
0.58,191,273,464
0.56,162,245,407
0.54,134,237,371
0.54,150,237,387
0.44,65,159,224
0.44,58,119,177
0.44,37,106,143
0.44,34,91,125
0.42,19,77,96
0.42,9,50,59
0.42,7,43,50
0.4,8,15,23
0.4,6,11,17
0.4,0,10,10
0.4,4,9,13
0.42,7,26,33
0.44,16,43,59
0.46,45,96,141
0.48,109,155,264
0.46,109,141,250
0.48,109,172,281
0.5,123,209,332
0.5,85,153,238
0.5,113,153,266
0.5,75,139,214
0.48,60,136,196
0.46,33,126,159
0.46,47,131,178
0.46,35,86,121
0.46,23,82,105
0.46,32,68,100
0.46,64,82,146
0.46,68,109,177
0.46,41,73,114
0.44,16,19,35
0.44,9,7,16
0.44,9,8,17
0.44,4,16,20
0.44,3,59,62
0.46,16,193,209
0.48,21,350,371
0.5,41,131,172
0.54,31,77,108
0.58,34,96,130
0.62,40,147,187
0.62,51,119,170
0.64,48,133,181
0.66,45,110,155
0.66,49,220,269
0.66,65,472,537
0.64,68,450,518
0.62,46,268,314
0.62,44,174,218
0.6,54,178,232
0.6,28,97,125
0.56,16,48,64
0.56,0,16,16
0.56,0,14,14
0.56,0,5,5
0.54,0,2,2
0.52,3,1,4
0.52,0,14,14
0.52,7,102,109
0.54,17,248,265
0.56,24,435,459
0.6,29,157,186
0.64,36,91,127
0.66,20,120,140
0.68,48,169,217
0.7,50,144,194
0.7,36,122,158
0.7,37,117,154
0.72,46,225,271
0.7,53,464,517
0.7,59,485,544
0.68,42,323,365
0.66,28,262,290
0.64,42,183,225
0.58,14,99,113
0.56,12,50,62
0.52,5,22,27
0.5,1,6,7
0.5,0,4,4
0.42,0,1,1
0.38,1,2,3
0.36,1,8,9
0.34,0,21,21
0.34,6,46,52
0.34,5,74,79
0.34,5,35,40
0.34,5,26,31
0.4,3,69,72
0.44,19,105,124
0.46,15,128,143
0.5,13,94,107
0.48,22,107,129
0.5,22,173,195
0.4,22,388,410
0.42,29,367,396
0.42,30,266,296
0.4,17,174,191
0.4,17,133,150
0.38,9,80,89
0.36,8,49,57
0.36,4,23,27
0.34,4,6,10
0.34,1,4,5
0.34,0,4,4
0.34,4,3,7
0.34,1,29,30
0.34,3,86,89
0.38,16,255,271
0.42,25,415,440
0.46,20,164,184
0.5,30,98,128
0.52,43,105,148
0.52,27,169,196
0.54,50,142,192
0.54,19,135,154
0.56,27,120,147
0.58,36,233,269
0.56,66,467,533
0.56,64,456,520
0.54,56,305,361
0.5,33,225,258
0.5,39,141,180
0.48,30,135,165
0.46,16,99,115
0.44,13,43,56
0.4,8,24,32
0.38,1,15,16
0.36,3,6,9
0.36,0,1,1
0.34,0,16,16
0.36,8,74,82
0.4,20,202,222
0.42,35,415,450
0.46,27,161,188
0.54,30,97,127
0.54,42,123,165
0.56,48,198,246
0.58,71,182,253
0.6,86,127,213
0.6,89,171,260
0.6,82,262,344
0.58,83,470,553
0.54,85,385,470
0.54,39,253,292
0.52,29,161,190
0.48,22,130,152
0.46,46,105,151
0.44,27,93,120
0.42,10,76,86
0.42,8,50,58
0.42,5,47,52
0.42,9,9,18
0.4,1,4,5
0.46,4,3,7
0.42,1,12,13
0.48,8,32,40
0.52,19,96,115
0.54,54,164,218
0.56,90,208,298
0.56,132,215,347
0.6,129,244,373
0.6,196,240,436
0.6,143,235,378
0.6,148,230,378
0.6,119,223,342
0.58,138,216,354
0.58,114,175,289
0.56,88,179,267
0.56,82,137,219
0.54,58,124,182
0.54,26,94,120
0.5,30,89,119
0.5,22,78,100
0.52,8,56,64
0.48,17,42,59
0.46,10,21,31
0.42,2,8,10
0.44,0,5,5
0.44,2,4,6
0.46,8,15,23
0.52,28,58,86
0.56,48,112,160
0.58,91,153,244
0.58,142,198,340
0.6,139,243,382
0.6,166,224,390
0.6,126,240,366
0.6,128,230,358
0.6,122,263,385
0.58,106,245,351
0.58,63,205,268
0.56,61,178,239
0.52,42,132,174
0.52,32,95,127
0.5,29,86,115
0.46,9,41,50
0.46,31,22,53
0.44,25,8,33
0.44,6,2,8
0.46,0,7,7
0.42,0,4,4
0.42,0,23,23
0.44,2,87,89
0.48,16,221,237
0.52,23,351,374
0.54,36,142,178
0.56,24,95,119
0.6,26,99,125
0.6,35,160,195
0.62,36,138,174
0.62,44,118,162
0.62,51,148,199
0.64,49,255,304
0.62,59,539,598
0.62,66,458,524
0.58,45,339,384
0.54,25,214,239
0.52,28,128,156
0.52,21,95,116
0.5,16,45,61
0.48,6,12,18
0.46,3,12,15
0.44,1,4,5
0.44,1,3,4
0.42,0,2,2
0.4,1,28,29
0.42,9,103,112
0.44,13,301,314
0.5,28,397,425
0.52,29,176,205
0.56,27,100,127
0.56,17,108,125
0.6,47,170,217
0.62,50,152,202
0.62,42,134,176
0.64,28,152,180
0.66,56,271,327
0.64,79,532,611
0.64,70,480,550
0.6,69,365,434
0.54,50,241,291
0.54,30,173,203
0.52,29,121,150
0.52,9,72,81
0.52,8,30,38
0.5,4,16,20
0.52,6,4,10
0.5,0,3,3
0.48,0,2,2
0.46,0,20,20
0.46,6,93,99
0.48,25,293,318
0.48,21,421,442
0.52,21,182,203
0.54,30,124,154
0.56,18,123,141
0.6,41,185,226
0.62,36,157,193
0.62,36,141,177
0.64,48,131,179
0.66,49,240,289
0.64,17,242,259
0.62,40,234,274
0.56,60,341,401
0.54,28,245,273
0.54,32,202,234
0.5,12,134,146
0.46,12,69,81
0.46,5,39,44
0.46,1,16,17
0.44,1,14,15
0.44,0,5,5
0.42,1,5,6
0.42,2,27,29
0.44,9,103,112
0.46,14,283,297
0.48,27,394,421
0.5,21,191,212
0.54,28,119,147
0.58,43,136,179
0.58,43,164,207
0.62,48,170,218
0.62,43,148,191
0.64,54,163,217
0.64,50,238,288
0.64,54,540,594
0.62,64,463,527
0.6,59,305,364
0.6,56,220,276
0.56,31,192,223
0.54,25,147,172
0.54,16,87,103
0.52,6,46,52
0.52,5,15,20
0.5,3,8,11
0.5,2,2,4
0.5,2,3,5
0.5,1,24,25
0.5,6,76,82
0.5,16,141,157
0.5,26,361,387
0.5,18,215,233
0.52,31,99,130
0.52,56,90,146
0.52,53,170,223
0.52,69,157,226
0.52,70,120,190
0.52,56,142,198
0.52,44,256,300
0.52,62,429,491
0.52,39,359,398
0.52,25,245,270
0.52,22,130,152
0.52,24,130,154
0.52,25,107,132
0.5,31,88,119
0.5,24,78,102
0.5,18,64,82
0.5,15,37,52
0.5,5,30,35
0.5,1,4,5
0.5,7,7,14
0.5,2,9,11
0.48,4,28,32
0.5,16,72,88
0.52,14,86,100
0.52,34,133,167
0.52,72,207,279
0.52,75,204,279
0.52,68,180,248
0.54,57,159,216
0.54,73,221,294
0.54,107,188,295
0.56,78,194,272
0.56,88,216,304
0.54,69,179,248
0.54,42,115,157
0.54,15,44,59
0.54,7,19,26
0.52,11,33,44
0.52,5,34,39
0.52,4,43,47
0.52,13,37,50
0.52,11,21,32
0.52,5,8,13
0.52,3,11,14
0.52,3,14,17
0.52,4,38,42
0.54,24,46,70
0.58,36,98,134
0.58,73,153,226
0.6,120,202,322
0.62,120,247,367
0.62,195,261,456
0.64,183,254,437
0.66,206,253,459
0.64,158,282,440
0.56,137,255,392
0.56,60,177,237
0.56,78,153,231
0.54,53,138,191
0.54,44,107,151
0.56,29,88,117
0.54,18,51,69
0.52,17,21,38
0.52,6,8,14
0.5,4,9,13
0.5,1,3,4
0.5,1,5,6
0.5,1,20,21
0.52,11,93,104
0.52,27,245,272
0.56,28,366,394
0.6,38,156,194
0.62,37,75,112
0.64,56,129,185
0.66,72,137,209
0.68,61,153,214
0.68,76,117,193
0.72,55,110,165
0.6,45,181,226
0.58,47,227,274
0.58,55,398,453
0.58,36,272,308
0.58,31,167,198
0.58,28,149,177
0.56,22,105,127
0.56,18,39,57
0.56,13,18,31
0.56,7,6,13
0.56,4,4,8
0.54,1,3,4
0.54,2,2,4
0.52,0,22,22
0.52,0,49,49
0.52,13,138,151
0.52,22,325,347
0.54,17,190,207
0.54,31,73,104
0.56,26,104,130
0.56,38,115,153
0.56,31,141,172
0.62,61,123,184
0.62,79,131,210
0.62,73,217,290
0.62,83,521,604
0.6,54,426,480
0.6,51,298,349
0.58,30,253,283
0.54,23,151,174
0.54,12,86,98
0.54,7,49,56
0.54,8,15,23
0.54,3,9,12
0.52,1,5,6
0.52,6,3,9
0.52,1,2,3
0.52,0,9,9
0.52,2,99,101
0.54,14,260,274
0.56,25,428,453
0.56,26,176,202
0.54,33,73,106
0.54,6,17,23
0.56,12,42,54
0.56,30,92,122
0.58,44,94,138
0.6,34,133,167
0.6,53,241,294
0.6,78,487,565
0.6,58,431,489
0.56,43,288,331
0.56,24,189,213
0.52,11,74,85
0.52,14,103,117
0.52,10,49,59
0.52,6,23,29
0.5,2,4,6
0.5,3,12,15
0.48,1,3,4
0.48,2,3,5
0.48,2,24,26
0.5,17,86,103
0.5,18,239,257
0.52,34,453,487
0.54,40,176,216
0.54,35,95,130
0.54,53,111,164
0.58,38,130,168
0.58,44,139,183
0.54,43,137,180
0.56,63,125,188
0.58,55,247,302
0.56,60,487,547
0.6,59,454,513
0.58,65,345,410
0.54,46,236,282
0.54,29,180,209
0.5,11,68,79
0.48,9,63,72
0.46,15,33,48
0.46,8,17,25
0.44,4,4,8
0.44,1,4,5
0.44,1,4,5
0.44,0,28,28
0.46,15,102,117
0.5,30,289,319
0.54,41,476,517
0.54,35,199,234
0.56,44,104,148
0.58,63,133,196
0.6,69,186,255
0.6,60,172,232
0.62,66,131,197
0.6,74,168,242
0.6,61,269,330
0.62,71,483,554
0.6,79,394,473
0.58,49,253,302
0.58,40,180,220
0.56,40,155,195
0.54,28,124,152
0.52,15,100,115
0.52,20,78,98
0.52,8,64,72
0.52,5,35,40
0.48,7,12,19
0.46,1,6,7
0.46,1,4,5
0.5,6,22,28
0.54,10,33,43
0.56,29,97,126
0.6,60,165,225
0.62,122,201,323
0.64,173,245,418
0.66,222,271,493
0.7,191,271,462
0.72,187,269,456
0.72,232,274,506
0.72,204,267,471
0.72,191,253,444
0.7,191,253,444
0.68,117,184,301
0.62,84,164,248
0.62,77,150,227
0.6,78,126,204
0.58,42,103,145
0.54,31,100,131
0.52,17,81,98
0.52,18,50,68
0.5,10,23,33
0.5,3,9,12
0.5,1,5,6
0.52,5,13,18
0.54,13,27,40
0.6,29,65,94
0.62,59,130,189
0.64,135,170,305
0.7,164,209,373
0.72,146,255,401
0.66,180,275,455
0.62,125,191,316
0.66,110,221,331
0.68,72,201,273
0.7,93,213,306
0.66,120,238,358
0.66,107,193,300
0.64,57,174,231
0.62,27,109,136
0.6,35,86,121
0.58,19,46,65
0.56,23,18,41
0.56,4,5,9
0.56,2,3,5
0.54,0,4,4
0.54,2,2,4
0.54,0,11,11
0.54,4,92,96
0.56,13,223,236
0.6,50,359,409
0.6,36,131,167
0.66,49,72,121
0.68,73,107,180
0.68,65,139,204
0.74,49,155,204
0.72,57,130,187
0.72,57,119,176
0.72,56,223,279
0.72,56,373,429
0.7,68,385,453
0.7,56,302,358
0.64,39,271,310
0.64,33,155,188
0.62,25,106,131
0.62,19,53,72
0.6,12,23,35
0.6,6,9,15
0.6,2,8,10
0.58,0,2,2
0.6,1,3,4
0.58,2,22,24
0.58,10,102,112
0.64,26,288,314
0.62,31,403,434
0.64,27,111,138
0.7,18,90,108
0.74,33,142,175
0.76,41,129,170
0.78,38,152,190
0.78,27,126,153
0.74,59,129,188
0.66,52,225,277
0.7,56,492,548
0.7,74,490,564
0.66,45,310,355
0.66,39,241,280
0.64,21,168,189
0.62,26,115,141
0.66,13,53,66
0.6,3,32,35
0.58,6,2,8
0.56,0,8,8
0.54,0,9,9
0.54,0,3,3
0.56,2,23,25
0.56,4,113,117
0.62,29,284,313
0.64,36,495,531
0.68,27,207,234
0.7,30,105,135
0.74,36,104,140
0.74,32,178,210
0.74,39,163,202
0.74,47,121,168
0.76,37,145,182
0.74,61,238,299
0.74,77,524,601
0.72,66,451,517
0.7,73,332,405
0.7,56,284,340
0.66,33,203,236
0.66,34,140,174
0.64,12,74,86
0.64,11,34,45
0.64,3,13,16
0.62,7,7,14
0.6,0,4,4
0.6,0,2,2
0.6,2,25,27
0.6,4,94,98
0.62,16,270,286
0.66,31,458,489
0.72,22,194,216
0.7,49,94,143
0.74,36,124,160
0.78,53,141,194
0.82,52,145,197
0.82,44,145,189
0.82,40,101,141
0.8,58,233,291
0.8,49,445,494
0.8,74,404,478
0.78,67,311,378
0.72,55,267,322
0.72,45,178,223
0.7,23,157,180
0.7,17,73,90
0.68,14,55,69
0.7,14,36,50
0.68,6,12,18
0.66,1,11,12
0.64,2,5,7
0.64,2,29,31
0.64,8,73,81
0.64,20,229,249
0.66,25,393,418
0.7,37,190,227
0.72,42,111,153
0.74,40,126,166
0.76,53,190,243
0.74,51,158,209
0.76,51,188,239
0.78,98,258,356
0.76,63,356,419
0.74,77,414,491
0.72,89,310,399
0.6,69,210,279
0.62,24,120,144
0.6,37,114,151
0.6,25,116,141
0.58,23,104,127
0.58,15,79,94
0.58,8,47,55
0.56,13,35,48
0.56,2,13,15
0.56,0,4,4
0.56,4,3,7
0.58,3,16,19
0.6,17,33,50
0.62,27,75,102
0.64,61,116,177
0.7,110,166,276
0.7,171,178,349
0.72,145,213,358
0.72,168,217,385
0.74,172,210,382
0.74,187,187,374
0.76,201,201,402
0.74,180,161,341
0.72,173,212,385
0.7,99,153,252
0.7,68,128,196
0.66,87,114,201
0.66,46,115,161
0.64,44,81,125
0.64,32,51,83
0.62,17,49,66
0.62,12,49,61
0.62,2,24,26
0.6,13,10,23
0.6,3,3,6
0.62,5,10,15
0.62,13,17,30
0.62,34,62,96
0.62,74,78,152
0.66,130,121,251
0.66,139,180,319
0.7,216,186,402
0.72,237,181,418
0.74,183,168,351
0.74,221,155,376
0.74,194,167,361
0.74,214,169,383
0.72,151,177,328
0.72,141,146,287
0.7,91,128,219
0.68,107,122,229
0.66,78,93,171
0.66,48,87,135
0.64,38,65,103
0.64,26,53,79
0.64,17,28,45
0.64,10,8,18
0.62,2,4,6
0.62,1,6,7
0.64,6,10,16
0.64,12,19,31
0.66,36,58,94
0.72,47,81,128
0.8,116,153,269
0.82,153,168,321
0.86,179,187,366
0.86,133,217,350
0.88,142,185,327
0.88,132,179,311
0.88,101,208,309
0.86,102,202,304
0.86,77,172,249
0.52,68,157,225
0.76,69,168,237
0.74,42,107,149
0.72,26,80,106
0.7,14,34,48
0.7,9,20,29
0.68,8,9,17
0.66,5,7,12
0.64,1,3,4
0.66,0,3,3
0.66,0,26,26
0.68,11,98,109
0.74,16,219,235
0.78,34,372,406
0.8,22,153,175
0.82,37,72,109
0.86,28,78,106
0.86,37,125,162
0.9,37,110,147
0.9,41,99,140
0.9,42,133,175
0.9,44,205,249
0.84,67,428,495
0.84,55,362,417
0.78,39,246,285
0.78,38,213,251
0.76,45,165,210
0.74,42,117,159
0.72,15,46,61
0.7,9,25,34
0.7,8,9,17
0.7,0,3,3
0.68,0,6,6
0.68,0,4,4
0.66,2,19,21
0.68,7,121,128
0.7,19,265,284
0.72,37,417,454
0.74,34,173,207
0.76,31,84,115
0.82,26,86,112
0.86,32,137,169
0.9,29,125,154
0.9,40,105,145
0.9,25,127,152
0.86,39,227,266
0.86,52,434,486
0.82,31,278,309
0.74,16,248,264
0.74,23,233,256
0.74,29,161,190
0.74,14,115,129
0.74,10,59,69
0.74,11,31,42
0.72,3,12,15
0.7,0,6,6
0.66,0,4,4
0.66,0,3,3
0.66,3,28,31
0.66,7,106,113
0.7,19,285,304
0.7,25,442,467
0.72,28,197,225
0.72,33,106,139
0.74,42,123,165
0.76,39,193,232
0.8,35,168,203
0.78,43,142,185
0.8,44,144,188
0.8,63,255,318
0.76,88,484,572
0.74,74,451,525
0.72,58,321,379
0.7,51,286,337
0.66,33,215,248
0.64,14,141,155
0.62,23,89,112
0.62,15,53,68
0.6,7,15,22
0.56,0,12,12
0.54,0,5,5
0.52,1,5,6
0.52,4,24,28
0.54,8,98,106
0.54,25,252,277
0.56,31,471,502
0.58,36,194,230
0.62,54,107,161
0.64,57,135,192
0.66,51,208,259
0.68,58,190,248
0.7,66,174,240
0.7,56,156,212
0.72,63,286,349
0.72,73,485,558
0.7,76,488,564
0.68,53,338,391
0.64,57,236,293
0.64,51,196,247
0.62,26,145,171
0.58,30,141,171
0.56,24,69,93
0.54,14,80,94
0.54,18,41,59
0.52,8,10,18
0.52,4,11,15
0.5,3,5,8
0.54,11,17,28
0.56,27,60,87
0.6,29,96,125
0.62,55,169,224
0.64,115,202,317
0.66,120,249,369
0.7,150,270,420
0.74,188,268,456
0.74,193,258,451
0.74,180,224,404
0.72,168,272,440
0.72,142,202,344
0.74,127,214,341
0.7,79,206,285
0.7,90,149,239
0.66,46,139,185
0.64,49,141,190
0.64,29,121,150
0.64,23,90,113
0.64,26,70,96
0.64,16,48,64
0.62,22,25,47
0.62,4,8,12
0.62,1,5,6
0.62,10,11,21
0.6,8,19,27
0.6,24,74,98
0.6,53,111,164
0.62,83,168,251
0.64,121,214,335
0.64,123,212,335
0.66,154,213,367
0.7,161,224,385
0.7,161,256,417
0.72,138,260,398
0.74,126,264,390
0.7,124,239,363
0.68,108,249,357
0.66,84,195,279
0.64,54,111,165
0.64,36,94,130
0.62,25,61,86
0.62,11,18,29
0.6,9,5,14
0.58,4,4,8
0.58,2,3,5
0.56,4,4,8
0.56,7,24,31
0.58,11,101,112
0.62,18,281,299
0.64,28,410,438
0.7,26,162,188
0.72,31,64,95
0.74,39,72,111
0.76,25,128,153
0.78,28,152,180
0.78,46,99,145
0.8,38,127,165
0.76,34,233,267
0.78,63,516,579
0.76,56,500,556
0.72,64,343,407
0.68,59,277,336
0.66,29,160,189
0.66,36,137,173
0.64,5,55,60
0.64,5,15,20
0.62,2,2,4
0.6,3,2,5
0.6,1,1,2
0.58,2,3,5
0.58,2,30,32
0.6,10,116,126
0.64,23,311,334
0.68,45,432,477
0.72,27,190,217
0.76,37,86,123
0.76,38,113,151
0.8,42,141,183
0.8,55,141,196
0.8,34,112,146
0.82,56,127,183
0.8,55,253,308
0.8,64,475,539
0.78,72,479,551
0.76,69,355,424
0.74,45,301,346
0.72,31,187,218
0.7,27,126,153
0.68,18,72,90
0.66,12,29,41
0.66,3,20,23
0.64,0,7,7
0.64,2,1,3
0.62,0,6,6
0.62,0,21,21
0.64,13,103,116
0.66,24,329,353
0.76,46,435,481
0.76,34,168,202
0.82,27,63,90
0.84,28,106,134
0.88,15,134,149
0.9,20,116,136
0.92,44,111,155
0.92,28,100,128
0.92,34,199,233
0.92,80,426,506
0.9,61,398,459
0.82,61,323,384
0.8,55,225,280
0.8,34,168,202
0.76,37,139,176
0.76,18,98,116
0.74,7,40,47
0.74,3,13,16
0.72,0,6,6
0.72,0,2,2
0.72,2,4,6
0.7,1,19,20
0.72,13,105,118
0.72,31,283,314
0.76,32,400,432
0.84,20,148,168
0.86,20,74,94
0.9,36,82,118
0.92,40,100,140
0.9,18,118,136
0.92,25,93,118
0.94,18,86,104
0.92,30,170,200
0.9,54,355,409
0.88,52,414,466
0.84,55,271,326
0.8,40,214,254
0.76,29,142,171
0.74,22,131,153
0.74,15,82,97
0.7,8,61,69
0.7,5,18,23
0.68,6,7,13
0.68,3,3,6
0.66,0,4,4
0.66,0,28,28
0.66,10,94,104
0.72,25,242,267
0.74,29,423,452
0.76,37,176,213
0.78,23,88,111
0.82,46,107,153
0.84,40,167,207
0.84,40,149,189
0.86,44,121,165
0.84,49,163,212
0.82,46,239,285
0.82,63,454,517
0.8,96,367,463
0.78,61,245,306
0.76,53,197,250
0.76,55,163,218
0.72,40,145,185
0.72,36,110,146
0.7,28,89,117
0.7,10,67,77
0.7,10,50,60
0.68,10,18,28
0.68,4,9,13
0.68,4,12,16
0.7,9,31,40
0.72,18,50,68
0.74,32,111,143
0.74,59,171,230
0.74,91,173,264
0.76,110,215,325
0.8,112,235,347
0.8,150,237,387
0.82,148,232,380
0.82,142,232,374
0.8,169,225,394
0.74,147,190,337
0.72,131,155,286
0.7,97,167,264
0.68,95,180,275
0.66,76,144,220
0.66,53,137,190
0.66,24,107,131
0.66,19,100,119
0.64,19,74,93
0.64,9,57,66
0.64,8,20,28
0.62,8,6,14
0.62,5,5,10
0.62,5,9,14
0.64,7,27,34
0.7,28,64,92
0.72,75,107,182
0.76,120,191,311
0.78,131,236,367
0.82,176,244,420
0.78,109,264,373
0.82,96,219,315
0.8,142,218,360
0.68,115,235,350
0.68,94,158,252
0.7,69,187,256
0.7,67,156,223
0.66,62,144,206
0.66,39,101,140
0.64,31,97,128
0.64,33,74,107
0.64,8,20,28
0.64,6,10,16
0.62,2,8,10
0.6,1,6,7
0.56,1,3,4
0.54,2,27,29
0.54,7,98,105
0.56,26,302,328
0.58,44,432,476
0.62,35,189,224
0.64,38,80,118
0.66,53,106,159
0.66,35,161,196
0.7,53,174,227
0.7,55,145,200
0.7,58,127,185
0.7,64,262,326
0.7,72,529,601
0.7,76,510,586
0.66,75,348,423
0.64,78,253,331
0.64,40,178,218
0.62,20,114,134
0.62,14,75,89
0.6,13,18,31
0.6,3,10,13
0.6,2,8,10
0.58,1,1,2
0.54,0,3,3
0.54,3,23,26
0.54,6,107,113
0.56,19,346,365
0.58,45,441,486
0.62,19,174,193
0.62,33,97,130
0.64,40,103,143
0.64,30,139,169
0.64,33,176,209
0.64,41,118,159
0.64,42,136,178
0.68,51,279,330
0.64,85,484,569
0.62,65,473,538
0.64,51,335,386
0.6,60,237,297
0.6,37,206,243
0.58,29,159,188
0.56,19,91,110
0.56,8,44,52
0.54,0,14,14
0.52,0,9,9
0.5,0,1,1
0.5,0,4,4
0.48,1,20,21
0.5,11,110,121
0.54,22,348,370
0.58,53,445,498
0.6,22,185,207
0.64,27,108,135
0.68,49,115,164
0.7,33,178,211
0.74,43,146,189
0.74,50,128,178
0.76,33,131,164
0.76,47,265,312
0.74,83,555,638
0.72,80,527,607
0.7,54,362,416
0.66,57,273,330
0.64,48,209,257
0.62,31,144,175
0.62,17,90,107
0.6,9,38,47
0.58,4,13,17
0.6,1,4,5
0.56,0,4,4
0.56,0,6,6
0.6,7,18,25
0.58,8,104,112
0.56,16,172,188
0.6,24,364,388
0.62,29,232,261
0.66,18,103,121
0.68,33,117,150
0.72,41,165,206
0.72,37,114,151
0.72,39,114,153
0.7,32,127,159
0.66,36,258,294
0.64,42,230,272
0.64,26,299,325
0.62,58,269,327
0.62,25,176,201
0.62,34,154,188
0.62,24,127,151
0.6,2,14,16
0.56,3,21,24
0.56,4,19,23
0.56,2,11,13
0.56,1,5,6
0.54,1,5,6
0.54,1,12,13
0.56,8,89,97
0.6,25,225,250
0.6,28,426,454
0.7,28,196,224
0.7,44,126,170
0.68,43,138,181
0.7,49,194,243
0.74,48,156,204
0.76,73,142,215
0.78,62,181,243
0.76,69,286,355
0.76,85,467,552
0.76,62,388,450
0.64,53,275,328
0.64,40,192,232
0.64,49,159,208
0.62,48,127,175
0.62,37,141,178
0.62,21,83,104
0.62,15,80,95
0.6,16,37,53
0.6,4,16,20
0.6,1,4,5
0.62,1,6,7
0.62,9,18,27
0.64,12,45,57
0.66,28,103,131
0.7,62,156,218
0.72,68,176,244
0.72,134,270,404
0.74,162,258,420
0.76,135,192,327
0.8,138,196,334
0.82,153,214,367
0.76,193,275,468
0.76,210,239,449
0.74,118,263,381
0.74,99,227,326
0.72,61,127,188
0.72,58,125,183
0.72,56,105,161
0.72,53,97,150
0.7,18,71,89
0.7,17,59,76
0.68,13,59,72
0.66,14,16,30
0.66,7,10,17
0.66,7,12,19
0.66,11,22,33
0.66,35,36,71
0.68,25,59,84
0.68,58,111,169
0.7,86,158,244
0.72,141,236,377
0.74,141,255,396
0.74,149,214,363
0.74,124,193,317
0.74,146,216,362
0.76,121,257,378
0.74,159,238,397
0.74,78,218,296
0.72,94,217,311
0.7,86,146,232
0.68,57,110,167
0.66,38,114,152
0.66,14,78,92
0.66,7,19,26
0.64,9,3,12
0.64,2,0,2
0.64,1,0,1
0.62,1,2,3
0.62,0,3,3
0.6,1,25,26
0.56,0,46,46
0.56,12,209,221
0.6,19,200,219
0.6,33,58,91
0.6,27,67,94
0.62,33,129,162
0.64,50,129,179
0.66,45,130,175
0.66,66,139,205
0.7,61,238,299
0.7,81,484,565
0.7,64,474,538
0.66,62,369,431
0.66,52,264,316
0.64,39,167,206
0.64,24,106,130
0.62,10,50,60
0.62,10,23,33
0.62,2,12,14
0.62,1,5,6
0.62,0,2,2
0.6,2,7,9
0.6,3,22,25
0.6,8,107,115
0.6,21,288,309
0.62,33,368,401
0.62,32,243,275
0.64,41,120,161
0.66,52,119,171
0.7,40,149,189
0.74,49,158,207
0.76,44,108,152
0.78,42,128,170
0.8,62,273,335
0.78,65,507,572
0.76,67,469,536
0.74,67,358,425
0.74,72,254,326
0.72,38,191,229
0.7,12,97,109
0.7,11,53,64
0.66,15,18,33
0.66,2,19,21
0.66,2,5,7
0.66,0,7,7
0.64,3,8,11
0.64,2,21,23
0.66,12,110,122
0.7,23,288,311
0.72,27,396,423
0.72,14,205,219
0.74,31,104,135
0.74,37,108,145
0.8,44,144,188
0.82,34,113,147
0.82,32,113,145
0.82,32,114,146
0.82,34,224,258
0.8,67,462,529
0.8,66,447,513
0.8,62,280,342
0.74,52,230,282
0.74,31,216,247
0.72,25,123,148
0.72,14,91,105
0.72,5,44,49
0.72,5,26,31
0.72,0,4,4
0.72,1,4,5
0.7,0,7,7
0.72,2,22,24
0.72,8,92,100
0.72,26,301,327
0.74,20,412,432
0.74,33,194,227
0.76,39,88,127
0.76,28,108,136
0.76,30,130,160
0.76,37,149,186
0.76,46,103,149
0.76,62,127,189
0.74,58,217,275
0.72,74,495,569
0.72,57,483,540
0.72,56,344,400
0.7,75,277,352
0.7,46,188,234
0.7,23,139,162
0.7,15,90,105
0.68,10,53,63
0.66,8,20,28
0.66,4,10,14
0.66,1,4,5
0.66,1,8,9
0.64,2,18,20
0.66,4,87,91
0.66,21,247,268
0.7,27,439,466
0.74,28,203,231
0.8,43,102,145
0.8,56,147,203
0.8,51,150,201
0.8,43,178,221
0.78,67,162,229
0.82,69,147,216
0.8,80,247,327
0.76,85,472,557
0.76,87,365,452
0.74,92,293,385
0.72,66,222,288
0.7,50,183,233
0.7,41,126,167
0.68,33,139,172
0.68,19,97,116
0.66,20,75,95
0.66,8,51,59
0.64,18,21,39
0.64,7,4,11
0.62,6,8,14
0.64,12,17,29
0.64,7,35,42
0.7,27,85,112
0.72,47,139,186
0.72,99,203,302
0.74,122,209,331
0.74,140,252,392
0.74,140,231,371
0.74,151,232,383
0.74,157,235,392
0.76,175,235,410
0.74,152,247,399
0.72,108,199,307
0.72,121,254,375
0.7,74,195,269
0.68,62,140,202
0.68,61,126,187
0.66,49,130,179
0.64,30,85,115
0.64,17,73,90
0.62,17,70,87
0.6,12,22,34
0.6,3,8,11
0.6,3,9,12
0.6,7,13,20
0.62,24,27,51
0.64,29,78,107
0.66,75,131,206
0.72,136,196,332
0.72,127,219,346
0.74,175,268,443
0.74,197,245,442
0.74,197,246,443
0.74,174,229,403
0.74,177,278,455
0.72,178,243,421
0.72,117,265,382
0.72,89,228,317
0.7,55,158,213
0.7,48,135,183
0.7,19,95,114
0.7,14,64,78
0.64,7,25,32
0.62,4,11,15
0.62,3,3,6
0.62,0,2,2
0.6,1,8,9
0.62,1,21,22
0.62,4,90,94
0.64,14,247,261
0.66,29,418,447
0.72,37,150,187
0.72,55,95,150
0.7,55,95,150
0.72,40,130,170
0.72,37,127,164
0.72,58,100,158
0.74,76,126,202
0.74,53,222,275
0.74,90,514,604
0.74,79,512,591
0.72,56,340,396
0.7,54,251,305
0.7,52,190,242
0.68,33,112,145
0.68,16,65,81
0.66,5,25,30
0.66,5,8,13
0.66,2,9,11
0.66,0,2,2
0.66,1,7,8
0.66,1,20,21
0.66,7,117,124
0.68,27,320,347
0.7,39,417,456
0.74,38,208,246
0.8,45,112,157
0.82,49,118,167
0.84,41,161,202
0.84,33,156,189
0.86,43,117,160
0.86,39,127,166
0.86,41,220,261
0.82,70,509,579
0.8,68,436,504
0.74,44,255,299
0.74,50,246,296
0.74,31,164,195
0.7,30,104,134
0.7,23,58,81
0.68,11,25,36
0.68,10,18,28
0.66,7,9,16
0.66,2,3,5
0.66,0,5,5
0.64,3,19,22
0.66,12,104,116
0.7,18,318,336
0.7,41,499,540
0.72,32,189,221
0.74,31,95,126
0.76,53,117,170
0.76,55,188,243
0.8,45,186,231
0.8,50,138,188
0.82,43,146,189
0.82,60,268,328
0.82,78,492,570
0.8,78,510,588
0.76,60,341,401
0.74,69,264,333
0.72,26,195,221
0.7,32,151,183
0.68,32,97,129
0.66,15,39,54
0.64,13,19,32
0.62,2,6,8
0.6,2,7,9
0.58,2,4,6
0.58,1,24,25
0.6,4,119,123
0.62,29,291,320
0.68,44,511,555
0.7,33,227,260
0.72,35,97,132
0.74,47,122,169
0.76,50,183,233
0.76,70,162,232
0.78,46,117,163
0.78,64,176,240
0.8,63,260,323
0.78,98,496,594
0.76,114,472,586
0.74,89,366,455
0.74,55,285,340
0.72,81,242,323
0.7,43,164,207
0.66,27,99,126
0.66,20,48,68
0.66,15,16,31
0.62,6,7,13
0.64,5,6,11
0.62,1,5,6
0.6,3,27,30
0.62,11,97,108
0.66,25,218,243
0.7,39,453,492
0.74,58,202,260
0.76,61,109,170
0.8,68,146,214
0.8,83,180,263
0.8,83,209,292
0.82,78,225,303
0.82,82,299,381
0.82,85,342,427
0.82,99,362,461
0.8,98,324,422
0.78,80,238,318
0.72,84,185,269
0.7,69,149,218
0.7,49,173,222
0.68,44,96,140
0.68,31,84,115
0.66,20,58,78
0.64,9,43,52
0.64,5,21,26
0.62,3,8,11
0.58,1,13,14
0.62,11,21,32
0.64,10,35,45
0.68,38,94,132
0.74,55,124,179
0.8,103,168,271
0.8,144,213,357
0.82,142,232,374
0.82,178,226,404
0.84,177,215,392
0.86,168,163,331
0.88,206,192,398
0.84,179,170,349
0.82,193,190,383
0.8,156,149,305
0.76,136,148,284
0.74,95,137,232
0.72,78,123,201
0.72,66,88,154
0.7,47,97,144
0.7,23,55,78
0.7,19,50,69
0.68,8,25,33
0.68,3,2,5
0.62,0,1,1
0.62,0,3,3
0.64,3,22,25
0.68,39,53,92
0.7,82,99,181
0.74,131,133,264
0.76,215,175,390
0.8,198,206,404
0.8,248,173,421
0.82,225,150,375
0.84,194,182,376
0.84,195,219,414
0.8,181,177,358
0.8,74,107,181
0.66,100,83,183
0.66,83,93,176
0.66,75,92,167
0.66,69,93,162
0.64,70,77,147
0.64,63,77,140
0.64,43,76,119
0.64,33,30,63
0.64,13,13,26
0.66,8,4,12
0.64,1,3,4
0.64,5,11,16
0.66,17,19,36
0.7,42,44,86
0.72,142,96,238
0.76,166,114,280
0.76,177,172,349
0.78,237,210,447
0.78,242,181,423
0.8,235,173,408
0.82,224,184,408
0.82,236,216,452
0.8,240,196,436
0.8,222,196,418
0.78,170,205,375
0.76,195,191,386
0.74,195,262,457
0.74,115,211,326
0.72,44,94,138
0.7,19,36,55
0.7,15,24,39
0.66,8,5,13
0.66,1,7,8
0.66,1,4,5
0.66,1,19,20
0.66,3,91,94
0.7,22,248,270
0.72,41,391,432
0.74,50,177,227
0.76,55,84,139
0.78,75,97,172
0.8,71,130,201
0.82,67,136,203
0.8,66,112,178
0.82,51,111,162
0.82,79,202,281
0.82,79,466,545
0.8,70,426,496
0.8,71,297,368
0.76,59,225,284
0.78,77,168,245
0.76,31,124,155
0.74,19,54,73
0.72,11,26,37
0.7,4,11,15
0.7,1,4,5
0.7,0,6,6
0.68,0,6,6
0.68,5,30,35
0.7,9,112,121
0.72,24,288,312
0.72,31,397,428
0.7,31,158,189
0.7,13,30,43
0.72,24,103,127
0.74,38,114,152
0.74,33,107,140
0.76,50,113,163
0.76,55,130,185
0.76,57,218,275
0.78,79,517,596
0.76,77,486,563
0.74,71,323,394
0.72,55,257,312
0.7,66,175,241
0.7,30,156,186
0.68,20,78,98
0.66,6,29,35
0.66,2,14,16
0.66,1,7,8
0.64,2,2,4
0.64,0,4,4
0.64,2,30,32
0.64,11,107,118
0.66,13,279,292
0.7,28,415,443
0.74,25,154,179
0.78,29,72,101
0.82,30,112,142
0.84,32,139,171
0.86,48,107,155
0.86,39,121,160
0.86,47,119,166
0.86,47,218,265
0.86,80,489,569
0.84,70,492,562
0.82,79,286,365
0.76,61,224,285
0.74,39,170,209
0.74,32,150,182
0.72,31,98,129
0.74,6,41,47
0.72,9,25,34
0.7,10,12,22
0.68,2,4,6
0.7,7,4,11
0.68,3,24,27
0.7,11,91,102
0.7,30,302,332
0.72,36,421,457
0.76,30,211,241
0.74,30,108,138
0.74,61,104,165
0.76,49,164,213
0.78,54,175,229
0.8,53,163,216
0.8,39,102,141
0.68,27,105,132
0.66,6,161,167
0.66,35,281,316
0.66,45,225,270
0.66,30,220,250
0.66,46,158,204
0.66,33,136,169
0.66,40,111,151
0.66,31,90,121
0.64,5,48,53
0.64,12,43,55
0.64,7,23,30
0.64,2,4,6
0.62,4,11,15
0.64,11,27,38
0.66,21,50,71
0.7,68,114,182
0.74,77,170,247
0.76,87,177,264
0.78,101,189,290
0.8,145,221,366
0.82,167,249,416
0.84,158,215,373
0.84,182,220,402
0.82,171,245,416
0.84,160,241,401
0.82,132,246,378
0.76,128,178,306
0.76,129,185,314
0.74,83,155,238
0.72,60,154,214
0.72,47,93,140
0.7,42,112,154
0.7,19,94,113
0.68,28,68,96
0.66,6,19,25
0.66,0,5,5
0.66,7,10,17
0.64,8,17,25
0.7,27,38,65
0.72,27,65,92
0.74,62,107,169
0.76,95,173,268
0.78,110,177,287
0.82,133,244,377
0.8,139,228,367
0.82,122,227,349
0.84,142,219,361
0.84,128,244,372
0.84,146,217,363
0.82,141,222,363
0.8,120,183,303
0.76,101,167,268
0.74,65,162,227
0.74,56,87,143
0.72,19,53,72
0.7,10,25,35
0.7,5,5,10
0.7,8,4,12
0.68,2,8,10
0.66,0,4,4
0.66,5,21,26
0.68,19,102,121
0.7,28,289,317
0.74,35,385,420
0.78,41,167,208
0.8,44,73,117
0.82,39,89,128
0.84,40,108,148
0.86,22,119,141
0.86,40,94,134
0.86,38,108,146
0.86,57,182,239
0.86,59,455,514
0.86,57,415,472
0.84,80,293,373
0.72,42,194,236
0.7,21,109,130
0.72,20,70,90
0.7,11,44,55
0.7,3,19,22
0.7,6,8,14
0.7,2,7,9
0.7,2,6,8
0.7,0,6,6
0.7,4,21,25
0.74,13,102,115
0.76,29,301,330
0.76,35,382,417
0.78,27,149,176
0.82,38,85,123
0.82,39,86,125
0.86,38,125,163
0.86,32,104,136
0.9,33,91,124
0.9,37,111,148
0.86,25,177,202
0.88,48,380,428
0.86,39,472,511
0.84,42,295,337
0.82,57,251,308
0.82,49,209,258
0.8,44,150,194
0.78,20,59,79
0.76,9,37,46
0.76,1,11,12
0.76,2,3,5
0.74,0,4,4
0.74,0,5,5
0.74,4,22,26
0.74,18,103,121
0.76,32,281,313
0.8,31,418,449
0.82,23,163,186
0.82,33,80,113
0.84,55,110,165
0.84,40,134,174
0.82,39,119,158
0.82,27,89,116
0.64,13,33,46
0.66,23,118,141
0.7,70,418,488
0.72,51,412,463
0.7,79,340,419
0.7,61,281,342
0.7,56,194,250
0.68,48,136,184
0.66,33,83,116
0.66,14,32,46
0.66,4,21,25
0.64,3,7,10
0.62,1,5,6
0.62,0,6,6
0.6,6,22,28
0.6,14,116,130
0.62,23,311,334
0.64,53,433,486
0.68,29,195,224
0.7,32,95,127
0.72,38,110,148
0.74,51,172,223
0.76,39,138,177
0.74,49,129,178
0.76,42,138,180
0.76,43,231,274
0.74,78,517,595
0.72,94,484,578
0.72,67,333,400
0.7,81,267,348
0.66,58,203,261
0.64,42,134,176
0.64,27,97,124
0.62,23,57,80
0.62,7,13,20
0.6,16,22,38
0.6,1,6,7
0.6,2,8,10
0.6,7,16,23
0.6,12,108,120
0.64,17,257,274
0.64,50,514,564
0.68,31,176,207
0.66,59,107,166
0.7,73,137,210
0.7,61,177,238
0.7,85,162,247
0.7,105,160,265
0.72,74,163,237
0.72,96,265,361
0.74,104,483,587
0.72,102,394,496
0.7,114,280,394
0.7,92,251,343
0.66,75,186,261
0.66,71,152,223
0.64,41,126,167
0.62,42,68,110
0.6,24,51,75
0.6,10,48,58
0.6,6,20,26
0.6,9,7,16
0.58,4,6,10
0.6,16,21,37
0.62,14,38,52
0.66,37,90,127
0.7,72,150,222
0.72,114,208,322
0.74,171,225,396
0.76,187,276,463
0.76,221,276,497
0.74,201,232,433
0.76,205,223,428
0.76,183,242,425
0.76,234,241,475
0.76,185,243,428
0.74,164,242,406
0.72,108,188,296
0.7,85,167,252
0.7,65,136,201
0.68,61,107,168
0.66,34,91,125
0.64,16,86,102
0.64,28,66,94
0.64,21,26,47
0.62,4,6,10
0.64,4,8,12
0.62,10,11,21
0.64,20,30,50
0.68,45,73,118
0.72,74,110,184
0.74,127,177,304
0.76,147,244,391
0.76,177,243,420
0.8,200,272,472
0.8,168,262,430
0.82,129,195,324
0.8,129,188,317
0.8,133,236,369
0.8,147,243,390
0.76,145,234,379
0.76,85,177,262
0.74,59,148,207
0.72,65,116,181
0.7,39,54,93
0.7,21,30,51
0.7,17,8,25
0.66,2,8,10
0.66,3,4,7
0.64,1,3,4
0.64,2,15,17
0.64,10,95,105
0.68,22,255,277
0.7,18,329,347
0.74,33,170,203
0.76,52,78,130
0.8,42,99,141
0.8,39,126,165
0.82,27,125,152
0.82,32,106,138
0.84,53,111,164
0.84,45,220,265
0.84,72,473,545
0.82,80,478,558
0.8,63,335,398
0.78,91,232,323
0.74,48,154,202
0.76,36,104,140
0.74,32,59,91
0.74,25,26,51
0.74,7,6,13
0.72,9,4,13
0.72,2,1,3
0.72,1,4,5
0.7,0,19,19
0.72,8,126,134
0.74,28,287,315
0.76,31,381,412
0.8,22,177,199
0.82,29,112,141
0.82,29,98,127
0.84,26,127,153
0.86,33,139,172
0.86,41,111,152
0.88,48,110,158
0.9,61,216,277
0.8,68,445,513
0.8,80,450,530
0.76,54,334,388
0.74,48,229,277
0.74,47,194,241
0.74,36,120,156
0.72,19,73,92
0.7,11,29,40
0.7,4,7,11
0.7,2,7,9
0.7,2,4,6
0.68,0,4,4
0.68,4,19,23
0.68,5,111,116
0.7,27,276,303
0.74,34,404,438
0.74,28,181,209
0.76,34,76,110
0.8,26,116,142
0.82,28,121,149
0.84,23,97,120
0.86,44,83,127
0.86,36,102,138
0.84,30,204,234
0.84,50,405,455
0.84,68,429,497
0.82,59,323,382
0.8,45,264,309
0.8,33,209,242
0.78,25,144,169
0.76,26,73,99
0.76,13,29,42
0.74,5,16,21
0.74,2,4,6
0.74,1,5,6
0.72,0,4,4
0.72,2,16,18
0.72,6,111,117
0.74,23,251,274
0.76,23,358,381
0.8,34,166,200
0.82,31,47,78
0.86,27,79,106
0.88,29,106,135
0.88,21,81,102
0.9,50,97,147
0.9,40,93,133
0.92,43,167,210
0.92,40,374,414
0.9,39,343,382
0.86,51,233,284
0.84,38,199,237
0.82,38,187,225
0.82,36,113,149
0.8,40,73,113
0.82,9,51,60
0.8,7,17,24
0.78,0,14,14
0.78,1,6,7
0.76,8,5,13
0.74,2,17,19
0.76,13,83,96
0.8,20,232,252
0.84,30,292,322
0.86,31,177,208
0.9,32,83,115
0.9,23,86,109
0.94,20,95,115
0.94,25,98,123
0.96,24,77,101
0.94,32,101,133
0.9,29,153,182
0.88,35,271,306
0.9,34,250,284
0.86,40,210,250
0.84,46,166,212
0.82,38,152,190
0.84,44,105,149
0.8,19,84,103
0.82,16,85,101
0.82,13,57,70
0.82,13,48,61
0.78,6,16,22
0.76,5,4,9
0.76,1,6,7
0.8,6,19,25
0.8,7,38,45
0.84,24,85,109
0.84,30,102,132
0.86,61,137,198
0.9,62,154,216
0.92,71,164,235
0.94,78,167,245
0.92,84,152,236
0.94,78,137,215
0.94,70,151,221
0.94,70,127,197
0.92,62,134,196
0.82,80,137,217
0.82,47,98,145
0.82,39,115,154
0.8,37,88,125
0.8,27,77,104
0.8,42,77,119
0.78,33,63,96
0.8,12,48,60
0.8,17,20,37
0.78,1,5,6
0.78,5,3,8
0.8,9,13,22
0.8,6,29,35
0.82,22,82,104
0.82,42,112,154
0.86,61,165,226
0.84,74,169,243
0.9,85,161,246
0.86,90,162,252
0.86,79,204,283
0.9,68,170,238
0.9,62,187,249
0.9,75,174,249
0.88,67,176,243
0.86,70,170,240
0.84,52,143,195
0.8,42,111,153
0.78,23,75,98
0.76,13,37,50
0.76,17,17,34
0.76,4,8,12
0.74,3,3,6
0.74,2,2,4
0.72,0,6,6
0.72,2,22,24
0.72,7,100,107
0.74,20,257,277
0.76,34,353,387
0.8,11,124,135
0.82,30,54,84
0.84,24,83,107
0.84,17,50,67
0.74,14,64,78
0.72,28,62,90
0.7,16,96,112
0.7,37,161,198
0.72,48,437,485
0.74,60,473,533
0.74,62,324,386
0.72,55,247,302
0.7,41,153,194
0.7,13,112,125
0.7,23,64,87
0.7,8,20,28
0.7,6,6,12
0.68,1,6,7
0.68,2,2,4
0.68,0,6,6
0.66,3,24,27
0.68,2,108,110
0.72,30,288,318
0.74,32,392,424
0.76,25,162,187
0.8,42,96,138
0.82,49,102,151
0.84,25,122,147
0.84,43,139,182
0.86,46,101,147
0.88,49,114,163
0.86,41,213,254
0.86,72,465,537
0.84,68,478,546
0.82,69,329,398
0.8,47,243,290
0.78,45,222,267
0.76,27,131,158
0.76,18,71,89
0.78,19,26,45
0.78,1,9,10
0.76,1,5,6
0.72,0,4,4
0.72,1,3,4
0.7,0,18,18
0.7,4,119,123
0.72,34,313,347
0.74,28,405,433
0.76,27,189,216
0.78,32,82,114
0.8,42,94,136
0.82,37,132,169
0.84,29,151,180
0.84,20,107,127
0.86,37,103,140
0.86,40,228,268
0.84,81,491,572
0.82,78,463,541
0.8,87,288,375
0.76,55,239,294
0.74,49,196,245
0.72,37,143,180
0.74,16,93,109
0.7,14,31,45
0.72,3,26,29
0.72,2,5,7
0.72,0,5,5
0.7,0,6,6
0.7,1,26,27
0.7,6,110,116
0.72,27,278,305
0.74,47,409,456
0.78,21,189,210
0.8,30,86,116
0.84,41,113,154
0.84,35,151,186
0.86,26,126,152
0.84,27,111,138
0.86,22,124,146
0.86,42,214,256
0.84,45,423,468
0.84,55,428,483
0.82,37,285,322
0.8,41,229,270
0.78,31,165,196
0.76,25,149,174
0.76,28,95,123
0.74,12,45,57
0.74,12,22,34
0.74,3,10,13
0.74,2,9,11
0.72,2,4,6
0.72,4,23,27
0.72,7,83,90
0.74,26,228,254
0.76,30,354,384
0.86,28,151,179
0.9,37,69,106
0.92,43,118,161
0.96,40,95,135
0.94,42,114,156
0.96,34,114,148
0.96,40,129,169
0.96,35,198,233
0.96,47,374,421
0.92,49,313,362
0.9,22,219,241
0.86,53,153,206
0.82,29,134,163
0.8,47,127,174
0.78,26,90,116
0.76,60,73,133
0.76,15,75,90
0.76,11,31,42
0.74,18,25,43
0.72,4,6,10
0.72,4,9,13
0.72,6,18,24
0.76,3,39,42
0.78,27,87,114
0.82,49,125,174
0.82,79,182,261
0.84,111,206,317
0.84,111,230,341
0.88,125,183,308
0.9,112,193,305
0.9,113,189,302
0.9,126,176,302
0.9,93,209,302
0.88,92,207,299
0.74,101,155,256
0.82,74,132,206
0.8,82,123,205
0.78,80,129,209
0.76,63,114,177
0.76,33,80,113
0.74,8,71,79
0.74,19,48,67
0.74,24,26,50
0.72,6,7,13
0.72,4,4,8
0.74,5,8,13
0.74,19,26,45
0.76,54,88,142
0.8,55,128,183
0.84,91,163,254
0.86,112,163,275
0.9,146,192,338
0.9,142,152,294
0.9,130,196,326
0.92,109,184,293
0.92,98,208,306
0.92,114,206,320
0.86,91,213,304
0.8,87,187,274
0.8,70,205,275
0.78,68,96,164
0.74,25,71,96
0.74,14,56,70
0.72,7,22,29
0.72,5,12,17
0.7,4,7,11
0.7,0,4,4
0.66,2,2,4
